1	10.6	2.6	4.4206	2.2875	1
2	14.5	0.2	3.7208	1.475	1
3	20.5	0.5	3.8026	0.9875	0.93776
4	31.5	2.8	4.4839	1.5125	0.56462
5	12.9	4.3	4.9842	1.7417	1
6	17.8	5	5.2342	1.3625	1
7	21	2.6	4.4206	0.7375	0.95978
8	15.5	1.8	4.1754	1.1667	1
9	21.4	0.7	3.8579	0.55	0.96825
10	6.7	1.8	4.1754	0.1	1
11	5.4	1.6	4.1161	0.1	1
12	14.1	5.1	5.2707	0.1	1
13	18.9	7.9	6.3912	3.3208	1
14	19.9	6.4	5.7673	3.3042	1
15	10.4	3.5	4.7116	3.0958	1
16	19.1	0.4	3.7752	1.8708	1
17	39.3	-2.1	3.144	1.8292	0.55456
18	8.7	0.6	3.8302	3.0417	1
19	8.2	1.7	4.1457	2.3708	1
20	14.5	0.4	3.7752	1.2625	1
21	11.05	3.1	4.5802	2.6042	1
22	7.6	5.4	5.3819	3.375	1
23	8.3	4.1	4.9148	4.0292	1
24	38.3	2.4	4.3582	4.7708	0.72234
25	10.7	3.8	4.8122	3.3292	1
26	25.3	3.4	4.6784	3.4	1
27	7.2	5	5.2342	3.9417	1
28	22.9	3	4.5479	5.8667	1
29	19.6	1.2	3.9995	2.6917	1
30	16.8	4	4.8804	3.4333	1
31	34.1	3.6	4.7449	4.6167	0.94103
32	25	3	4.5479	1.5083	1
33	21.1	3.7	4.7785	3.5375	1
34	9.7	1	3.9423	1.3208	1
35	31	0.8	3.8859	1.6708	1
36	35.3	0.8	3.8859	1.9167	0.99173
37	10.3	0.2	3.7208	0.26667	1
38	9.6	0.6	3.8302	0.0083333	1
39	7.2	0.1	3.6939	0.1	1
40	35.5	3.4	4.6784	1.5125	1
41	18.7	2	4.2356	0.82917	1
42	13.8	1	3.9423	1.4708	1
43	10.2	-2.5	3.0522	1.775	1
44	82.9	-10.6	1.6378	2.3375	0.30647
45	86.5	-7.2	2.1383	2.1958	0
46	85.8	-5.2	2.4923	1.9333	0.31408
47	83.2	-4.3	2.6678	1.0458	0.38199
48	79	-4.2	2.688	0.4875	0.47243
49	75.8	-6	2.3449	0.10417	0.54472
50	37.7	-4.4	2.6478	0.71667	1
51	59.5	-4.5	2.6279	0.1	0.82679
52	35.7	-2	3.1673	1.0542	1
53	47	-3.5	2.833	0.60417	1
54	56.7	-6.9	2.1883	0.85417	0.91527
55	45.2	-4.7	2.5885	0.15	1
56	103.7	-4.5	2.6279	0.016667	0.31911
57	48.6	-0.3	3.588	1.2417	1
58	47	1.8	4.1754	0.36667	1
59	42.5	2.4	4.3582	1.6292	1
60	24.2	-1	3.4092	1.2292	1
61	33.5	0.2	3.7208	0.28333	1
62	38.8	2	4.2356	1.6042	1
63	32.5	0.9	3.914	1.9833	1
64	93.9	3.8	4.8122	1.4333	0.62093
65	76.2	5	5.2342	3.075	0.84201
66	17.3	5.4	5.3819	3.2917	1
67	32.4	8.4	6.6119	1.7167	1
68	25.7	10.6	7.665	2.2292	1
69	79.1	5.8	5.5332	3.4208	0.87073
70	126.7	3.1	4.5802	1.2292	0.38478
71	62.7	4.4	5.0193	1.6167	1
72	26	3.9	4.8462	3.9	1
73	29.3	6.7	5.8876	5.8333	1
74	109.7	4.2	4.9494	2.6333	0.63806
75	83.2	2.5	4.3893	0.2125	0.91349
76	70.2	1.9	4.2054	4.1667	1
77	72	2.1	4.2659	2.9	1
78	65.1	3	4.5479	3.9917	1
79	123.4	1.3	4.0284	2.3083	0.5963
80	71.1	0.3	3.7479	0.42083	1
81	101.7	2.8	4.4839	1.4292	0.82415
82	18.8	9.9	7.315	3.5042	1
83	134.6	7.1	6.0514	6.325	0.56669
84	46.6	7.3	6.1349	3.6	1
85	89.6	3.2	4.6128	0.1	0.98004
86	163.9	2.2	4.2965	0.1	0.37361
87	139.1	4.3	4.9842	0.1	0.5964
88	56.7	8.8	6.7933	0.1	1
89	160.2	7.8	6.3478	0.1	0.45983
90	96.2	6.7	5.8876	0.1	0.98232
91	78.7	8.7	6.7476	2.6333	1
92	76.7	3.3	4.6455	1.8375	1
93	147	2.7	4.4521	1.7208	0.62827
94	94.6	4.6	5.09	2.9333	1
95	115.1	3.6	4.7449	2.5792	0.89406
96	132.2	2.7	4.4521	0.575	0.78021
97	141.9	2.8	4.4839	0.46667	0.72261
98	131.3	4.6	5.09	0.7	0.81155
99	101.6	3.6	4.7449	1.3958	1
100	79.7	6.2	5.6884	1.2042	1
101	127.6	8	6.4348	1.6375	0.87218
102	133.5	8.9	6.8394	2.5625	0.84275
103	103.6	8.6	6.7021	1.625	1
104	26.9	5.2	5.3076	2.1625	1
105	106.8	6.6	5.8473	0.37917	1
106	194.3	6.6	5.8473	1.6083	0.4876
107	149.1	5.6	5.4571	2.0458	0.79465
108	156.3	3.3	4.6455	2.0667	0.75939
109	157.7	3.5	4.7116	0.9125	0.76163
110	205.9	9.7	7.2176	0.875	0.46963
111	154.9	11.3	8.0296	0.63333	0.80072
112	183	10.1	7.4135	0.57083	0.63778
113	201.5	14.3	9.7708	1.1167	0.53649
114	214.7	14.2	9.7078	1.6792	0.4691
115	233.7	14.1	9.6452	1.0583	0.3681
116	181.8	11.1	7.9239	1.3333	0.69001
117	183.8	12.3	8.577	0.525	0.68878
118	119.9	13.9	9.521	0.47083	1
119	135.2	13.7	9.3982	0.54583	0.99055
120	178.6	14	9.5829	2.2667	0.74906
121	50.4	6.9	5.969	2.2375	1
122	233.7	8.5	6.6569	0.61667	0.45665
123	261.9	11.2	7.9766	1.5542	0.31017
124	202.8	12.5	8.6903	1.6292	0.65088
125	106.9	9.6	7.1693	1.0125	1
126	246.4	10	7.3641	0.1	0.43115
127	238.9	12.1	8.465	0.1	0.48269
128	270.3	13.2	9.0973	0.1	0.32362
129	262.6	16.2	11.0375	0.1	0.376
130	259.6	13.2	9.0973	0.94583	0.40252
131	257.8	14.2	9.7078	0.97917	0.4222
132	185.3	13	8.9794	1.4667	0.81232
133	243.9	12.2	8.5208	1.0208	0.51402
134	240.5	16.8	11.4663	1.1083	0.54045
135	80.5	14.3	9.7708	2.0333	1
136	101	14.6	9.9619	1.2042	1
137	129.2	16	10.8977	0.89167	1
138	225.9	17.4	11.9096	0.525	0.64664
139	30.2	8.9	6.8394	1.7667	1
140	49.3	8.2	6.5228	1.4292	1
141	237.4	12.6	8.7475	0.61667	0.61002
142	80.8	12.3	8.577	0.7375	1
143	125.9	12.2	8.5208	0.69583	1
144	204.2	13.4	9.2167	0.1625	0.79215
145	82.4	13.2	9.0973	0.27917	1
146	111.8	12.3	8.577	0.17083	1
147	145.4	8.8	6.7933	0.77917	1
148	269.2	9.4	7.0737	0.6375	0.49942
149	193.2	10	7.3641	0.49167	0.86944
150	207.1	11.1	7.9239	1.3583	0.80725
151	122.4	12.4	8.6335	1.6417	1
152	267.3	14.1	9.6452	1.0208	0.53036
153	100.9	18.4	12.682	0.1	1
154	170.8	13.9	9.521	1.8292	0.99389
155	134.8	12.8	8.8627	1.9875	1
156	113.8	9.8	7.2661	0.7125	1
157	158	11	7.8715	1.0792	1
158	92.4	14.6	9.9619	1.3042	1
159	152.7	15.6	10.6228	1.0167	1
160	127.6	9.4	7.0737	1.3458	1
161	152.6	10.8	7.7677	1.0792	1
162	251.1	13.1	9.0382	0.30417	0.64379
163	250.1	13.8	9.4594	0.43333	0.65093
164	72.7	13.1	9.0382	0.55833	1
165	218.4	16.3	11.1079	0.80833	0.80055
166	179.1	13	8.9794	1.2167	0.98193
167	151.8	10	7.3641	1.225	1
168	168.7	9.8	7.2661	0.9625	1
169	86.7	13.4	9.2167	1.1958	1
170	105.1	16	10.8977	1.875	1
171	277	13.7	9.3982	0.825	0.54175
172	173	17.9	12.2905	1.0583	1
173	156.6	17.4	11.9096	3.0042	1
174	267.8	13.5	9.2768	2.1792	0.58537
175	306.3	13.9	9.521	0.35417	0.41078
176	301.8	20	14.009	1.5875	0.43118
177	262.8	21.3	15.175	0.24583	0.60797
178	225.5	20.8	14.7169	0.070833	0.77692
179	273.5	23.1	16.9292	0.32917	0.55827
180	178.2	23	16.8273	1.0667	0.99062
181	260.8	15.9	10.8284	0.42917	0.61406
182	279	16.2	11.0375	0.17917	0.52991
183	304	18.8	13.003	0.36667	0.41439
184	288.8	21.6	15.4559	0.1	0.48184
185	277.3	23.3	17.1346	0.1	0.53234
186	121.8	17.7	12.1369	0.1	1
187	268.3	17.4	11.9096	0.1	0.56895
188	247.7	17	11.6124	0.1	0.66099
189	170.1	16.4	11.1788	0.1	1
190	259.5	18.1	12.4458	0.1	0.60112
191	268.2	18.6	12.8416	0.1	0.55773
192	287.9	20.8	14.7169	0.1	0.46294
193	268.3	22.5	16.3258	0.7375	0.55009
194	275.7	23.8	17.6577	0.82917	0.51167
195	265.5	23.7	17.552	0.87083	0.55509
196	193	23	16.8273	0.16667	0.89072
197	225.2	20.1	14.0958	0.10417	0.73576
198	220.9	19	13.1661	0.24167	0.7519
199	234.6	18.6	12.8416	0.40833	0.6827
200	282	18.4	12.682	1.2833	0.45253
201	279.5	19.5	13.5818	0.56667	0.45862
202	274	21.9	15.7412	0.25417	0.47894
203	251.4	22.8	16.6251	0.38333	0.58156
204	243.2	24	17.8708	0.81667	0.61525
205	238.3	25	18.9704	0.7625	0.63303
206	242.1	25.7	19.7748	0.3875	0.60832
207	231.7	26.6	20.8525	0.14167	0.65286
208	238.2	25	18.9704	0.05	0.61435
209	233.5	26.5	20.7303	0.6125	0.63079
210	226.2	25.3	19.3116	0.21667	0.66018
211	200.9	25.8	19.8921	0.89583	0.77994
212	222	25.3	19.3116	0.39583	0.66706
213	225.3	27.3	21.7258	0.55833	0.64295
214	176.2	21.9	15.7412	0.62083	0.88568
215	240.9	21.2	15.0824	0.2	0.54717
216	230.9	23	16.8273	0.12917	0.59009
217	240.1	28	22.6308	0.96667	0.53356
218	179.2	20.9	14.8075	0.15	0.8431
219	192.8	19.5	13.5818	0.091667	0.76406
220	221.6	19.9	13.9226	0.083333	0.60309
221	205.6	18.8	13.003	0.15	0.67922
222	195.1	21.6	15.4559	0.44167	0.72671
223	47.7	18.4	12.682	0.50417	1
224	69.9	19.2	13.331	0.56667	1
225	72.3	14.8	10.0911	1.9667	1
226	152.9	12.3	8.577	2.4333	0.92413
227	70.2	15.3	10.4206	1.75	1
228	110.1	13	8.9794	0.066667	1
229	189.4	16.8	11.4663	0.99583	0.69131
230	139.8	12.9	8.9209	1.7125	0.96611
231	66.4	16	10.8977	1.4	1
232	90.4	14.3	9.7708	0.88333	1
233	111.7	13.7	9.3982	0.016667	1
234	186.3	15	10.2218	0.054167	0.65427
235	210.9	18	12.3679	0.77083	0.49416
236	77.2	15.3	10.4206	0.39167	1
237	45.6	16	10.8977	0.25417	1
238	110.7	16.2	11.0375	0.2375	1
239	124.6	17.6	12.0607	1.5333	0.97907
240	100.7	13.4	9.2167	1.225	1
241	133	14.4	9.8341	2.4	0.90622
242	134.3	12.9	8.9209	0.55417	0.88734
243	189.9	15.5	10.555	0.50417	0.51212
244	34.5	15.6	10.6228	1.0958	1
245	82.2	16.3	11.1079	0.18333	1
246	106.3	14.8	10.0911	1.4208	1
247	102.3	17.3	11.8347	1.7583	1
248	69.5	14.9	10.1563	1.7375	1
249	124.7	13.4	9.2167	0.73333	0.87309
250	64.9	12.4	8.6335	0.14167	1
251	28.9	14.1	9.6452	0.20833	1
252	106.2	13.1	9.0382	2.55	0.97107
253	84.5	12.4	8.6335	1.8833	1
254	133.1	11.8	8.2993	1.9667	0.74668
255	77.3	15.4	10.4876	1.575	1
256	153.8	13.1	9.0382	1.6167	0.55792
257	131	15.3	10.4206	1.15	0.71839
258	36.7	13.2	9.0973	2.8417	1
259	38.4	11.1	7.9239	4.0792	1
260	19.2	10.5	7.6141	2.9125	1
261	56.4	11.3	8.0296	0.9625	1
262	39.3	10.8	7.7677	0.85417	1
263	136.5	11.1	7.9239	0.60833	0.5728
264	49.4	12.7	8.8049	0.5625	1
265	44.2	12.3	8.577	0.0083333	1
266	139.5	11.6	8.1905	0.016667	0.48851
267	134.6	14.1	9.6452	0.56667	0.51218
268	43.7	13.8	9.4594	0.058333	1
269	46.8	12.8	8.8627	0.43333	1
270	60.2	13	8.9794	1.4667	1
271	115.4	9.9	7.315	1.4	0.61203
272	36.2	13.2	9.0973	2.2458	1
273	44.4	11.9	8.3542	1.2708	1
274	103.1	8	6.4348	1.1042	0.67612
275	101.1	9.9	7.315	0.67083	0.67761
276	15.3	9.5	7.1214	1.7333	1
277	94.7	4.7	5.1257	1.4375	0.70686
278	72.5	3.4	4.6784	1.0083	0.92878
279	117.8	3.8	4.8122	0.60833	0.41295
280	90.5	3.3	4.6455	0.99167	0.69536
281	14.4	4.3	4.9842	0.054167	1
282	105.4	4	4.8804	0.22083	0.48148
283	85.9	3.9	4.8462	0.125	0.68915
284	53	5.3	5.3446	0.2	1
285	46.3	7.9	6.3912	0.11667	1
286	23.5	10	7.3641	0.22917	1
287	75.6	7	6.0101	0.32083	0.7365
288	89.1	9.6	7.1693	0.25417	0.54013
289	43	7.2	6.093	0.67917	1
290	98.3	1.6	4.1161	0.61667	0.36655
291	86.6	0.3	3.7479	0.016667	0.5009
292	80.2	3.8	4.8122	1.7625	0.56613
293	81.9	5.4	5.3819	2.35	0.51756
294	83.4	6.6	5.8473	2.2333	0.4703
295	61.2	8.4	6.6119	2.0292	0.77737
296	43.1	10	7.3641	1.8625	1
297	76.5	9.9	7.315	1.4375	0.49736
298	66.1	7.8	6.3478	0.96667	0.63736
299	49	7.1	6.0514	1.6917	0.89296
300	48.2	8	6.4348	2.1	0.88835
301	49.5	5.8	5.5332	1.8042	0.84815
302	61.2	6.3	5.7277	1.6	0.62595
303	18.1	9.6	7.1693	1.6583	1
304	14.6	12.2	8.5208	2.85	1
305	39.8	9.7	7.2176	3.925	0.94908
306	58	4.6	5.09	1.625	0.58795
307	71.6	4.5	5.0545	1.0583	0.30044
308	60.4	6.6	5.8473	2.0417	0.49056
309	52.9	9.6	7.1693	1.8583	0.61499
310	53.7	7.5	6.2193	0.57083	0.57439
311	7.7	8.4	6.6119	0.016667	1
312	7.1	6.4	5.7673	0.45833	1
313	11.3	5.5	5.4194	0.25417	1
314	16.9	5.4	5.3819	0.775	1
315	44.6	2.7	4.4521	1.2167	0.65354
316	36.9	-1.4	3.3105	1.3583	0.81115
317	34.8	-0.9	3.4342	1.2667	0.8421
318	6.3	9.3	7.0262	2.6792	1
319	24.6	10	7.3641	4.0875	1
320	30.1	7.5	6.2193	3.5375	0.90565
321	10.8	5.4	5.3819	2.7333	1
322	12	4.6	5.09	2.1708	1
323	23.6	4.8	5.1616	0.96667	1
324	6.6	12.3	8.577	2.7792	1
325	23.9	6.6	5.8473	5.0375	0.99573
326	25.3	3.1	4.5802	2.2958	0.9418
327	45.6	1.8	4.1754	3.3083	0.33339
328	19.1	8.6	6.7021	7.3	1
329	39.2	4.2	4.9494	6.2292	0.47657
330	6.1	7	6.0101	1.9458	1
331	6.2	7.3	6.1349	3.1875	1
332	36.9	7.7	6.3047	5.5125	0.48519
333	11.7	7.6	6.2619	5.4167	1
334	11.9	4.2	4.9494	2.0708	1
335	37.3	-0.5	3.5361	2.0458	0.41338
336	29.8	-2.4	3.0749	1.1792	0.64953
337	24.1	-0.1	3.6406	0.61667	0.83135
338	16.7	6.4	5.7673	1.6958	1
339	19.6	7.9	6.3912	2.2875	0.96797
340	16.8	5.8	5.5332	3.0667	1
341	33.5	2.7	4.4521	1.7708	0.44823
342	30.8	5.4	5.3819	2.25	0.53404
343	11.4	5.4	5.3819	2.7958	1
344	14.1	2.4	4.3582	1.5208	1
345	4	11.1	7.9239	4.4375	1
346	4.1	9.6	7.1693	4.5333	1
347	12.6	7.2	6.093	3.6875	1
348	22.9	2.5	4.3893	2.9417	0.78331
349	32.3	-1.6	3.2622	1.2625	0.41858
350	10.4	0.5	3.8026	2.3875	1
351	29.1	1.7	4.1457	2.1542	0.5345
352	23.5	0.3	3.7479	1.6042	0.74915
353	11.8	1.4	4.0574	0.1	1
354	12.7	0.3	3.7479	0.83333	1
355	5.3	1.6	4.1161	0.7125	1
356	19.3	2.3	4.3272	0.86667	0.91353
357	17.8	-0.3	3.588	0.11667	0.97344
358	7.5	-3	2.9408	0.67917	1
359	3.9	-3.1	2.919	1.5625	1
360	7.3	-0.2	3.6143	2.4708	1
361	3.3	3.3	4.6455	2.9583	1
362	12.4	6.5	5.8072	1.5667	1
363	8.3	11.2	7.9766	3.3542	1
364	16.5	6.4	5.7673	3.4042	1
365	4.9	5.1	5.2707	3.7375	1
366	16.6	1	3.9423	3.9625	1
367	14.3	-0.4	3.562	2.4	1
368	35.8	-0.9	3.4342	2.3625	0.39932
369	36.7	-6	2.3449	0.27917	0.38387
370	33.1	-5	2.5304	0.1	0.52421
371	27.3	-8.5	1.9328	0.1	0.7362
372	14.3	-6.1	2.327	0.05	1
373	32.2	-5.9	2.3629	1.7667	0.60212
374	13.1	-0.2	3.6143	1.9333	1
375	10.4	2.4	4.3582	5.2542	1
376	11.2	0.7	3.8579	4.2667	1
377	12.7	-0.6	3.5104	3.1042	1
378	40.9	-3.6	2.8119	1.5125	0.4222
379	13	0.1	3.6939	1.3042	1
380	5.3	2.5	4.3893	1.4625	1
381	23.6	2.4	4.3582	1.2583	0.98548
382	42.2	0.1	3.6939	1.8417	0.4726
383	34.1	0.2	3.7208	2.3917	0.71972
384	11.7	-1.2	3.3595	1.8542	1
385	18.3	0	3.6672	2.5167	1
386	18.5	0.6	3.8302	1.1875	1
387	19.5	3.2	4.6128	2.2917	1
388	25.9	4.7	5.1257	4.3375	1
389	19.9	3.8	4.8122	4.625	1
390	22.1	2.5	4.3893	2.0583	1
391	15.8	6.7	5.8876	2.2625	1
392	31.6	2.1	4.2659	3.6833	0.93522
393	8.4	4	4.8804	2.8125	1
394	14.3	5.8	5.5332	2.4875	1
395	28.9	0.9	3.914	2.5083	1
396	42.1	0	3.6672	1.4542	0.76875
397	10.9	8	6.4348	3.1917	1
398	36.4	3.6	4.7449	2.7875	0.9239
399	43.2	1.2	3.9995	1.5208	0.80173
400	11.2	5.4	5.3819	3.5542	1
401	39.9	5.2	5.3076	3.5875	0.90207
402	9.7	8.2	6.5228	3.5167	1
403	14.8	4.9	5.1978	4.5792	1
404	39.8	0.2	3.7208	2.4417	0.95157
405	61.4	-0.6	3.5104	2.3833	0.57777
406	51	-1.5	3.2863	1.1458	0.78388
407	22	3	4.5479	0.96667	1
408	38.2	6.9	5.969	3.1958	1
409	53.1	5.7	5.495	1.3917	0.80294
410	20.1	5.4	5.3819	0.6	1
411	17.1	6.4	5.7673	2.3292	1
412	43.3	5.4	5.3819	2.9667	1
413	29.6	5	5.2342	4.2417	1
414	24.7	3.6	4.7449	2.6875	1
415	29.1	4.5	5.0545	2.3542	1
416	73.5	4	4.8804	2.9417	0.62249
417	62.5	6.7	5.8876	2.4458	0.8008
418	88.9	4	4.8804	3.3833	0.44687
419	44.6	3.1	4.5802	2.4833	1
420	51.7	3.2	4.6128	1.3417	0.99825
421	54.3	0.6	3.8302	0.27083	0.97722
422	54.4	0.2	3.7208	0.49167	0.98983
423	55.7	2.8	4.4839	1.4792	0.98674
424	11.3	7.6	6.2619	4.1917	1
425	22.4	9.2	6.9791	3.2875	1
426	85.8	2.4	4.3582	2.4125	0.65934
427	59.9	2.4	4.3582	1.7083	0.98898
428	57.8	0.4	3.7752	1.5708	1
429	107.7	2.8	4.4839	1.7625	0.46088
430	59	4.5	5.0545	2.4833	1
431	70.4	0.4	3.7752	1.525	0.92252
432	128.2	3.4	4.6784	1.7	0
433	75.1	0.9	3.914	0.7	0.89925
434	135.3	2.3	4.3272	0.49583	0
435	128.3	2.6	4.4206	1.2167	0.36796
436	102.8	2.5	4.3893	1.1083	0.65425
437	34.9	3	4.5479	1.4083	1
438	109.1	-3.2	2.8973	1.9875	0.6261
439	58.2	0.1	3.6939	1.8458	1
440	37.4	0.6	3.8302	1.0167	1
441	51.7	5	5.2342	2.825	1
442	60.2	5	5.2342	4.7792	1
443	74.8	3.6	4.7449	3.4042	1
444	40.9	4	4.8804	5.0542	1
445	107.1	4.2	4.9494	3.9125	0.76108
446	97.2	3.8	4.8122	2.6667	0.86425
447	117.3	7.8	6.3478	3.3	0.70104
448	116.7	7.6	6.2619	2.925	0.72177
449	79.3	4.8	5.1616	5.0792	1
450	98.4	4.8	5.1616	4.0375	0.90587
451	84.6	0.9	3.914	3.9542	1
452	79.7	0	3.6672	3.6167	1
453	120.3	0.7	3.8579	1.5542	0.76481
454	164.3	1.5	4.0866	1.35	0.42707
455	80	2.7	4.4521	1.6875	1
456	164.3	7.5	6.2193	3.85	0.46278
457	105.5	9.6	7.1693	5.075	0.93222
458	47.5	9	6.8857	3.8917	1
459	143.2	5	5.2342	4	0.67164
460	128.9	4.6	5.09	1.3458	0.79179
461	54.4	8.3	6.5672	3.65	1
462	28.3	6.2	5.6884	5.2708	1
463	92.1	4.5	5.0545	5.6	1
464	160.2	4	4.8804	3.075	0.61921
465	183.4	5	5.2342	0.49583	0.47108
466	47.4	4.8	5.1616	0.2375	1
467	49.7	4.5	5.0545	0.975	1
468	95.4	3.8	4.8122	2.4417	1
469	200.2	5.2	5.3076	1.7375	0.41868
470	164.8	6.5	5.8072	1.1125	0.66819
471	68.3	3.4	4.6784	1.7083	1
472	116.1	3.2	4.6128	2.1833	1
473	66.7	6.7	5.8876	2.5417	1
474	181.4	5.6	5.4571	1.05	0.61118
475	74.3	3.7	4.7785	1.2458	1
476	174	7.1	6.0514	1.1792	0.68183
477	210.9	16.8	11.4663	1.3833	0.46579
478	219.8	21	14.8987	1.9417	0.42475
479	212.2	17.6	12.0607	2.1167	0.48422
480	204.4	15	10.2218	1.9625	0.54373
481	139.2	8.7	6.7476	2.2583	0.94307
482	40.6	6.8	5.9282	1.8208	1
483	55.3	5.8	5.5332	2.175	1
484	229.6	6.2	5.6884	0.33333	0.4443
485	210.7	10.8	7.7677	0.77917	0.56487
486	241.6	11.1	7.9239	0.62083	0.39997
487	249.7	9.1	6.9323	0.57917	0.36634
488	239	11.7	8.2448	0.41667	0.4384
489	230.2	13.8	9.4594	1.0042	0.49865
490	208.1	15	10.2218	0.49583	0.63119
491	249.2	13.8	9.4594	1.7833	0.41583
492	216.1	10.6	7.665	1.725	0.60652
493	111.6	11.9	8.3542	1.6	1
494	70.1	8.2	6.5228	2.2542	1
495	125.8	6.6	5.8473	0.41667	1
496	197.2	7.2	6.093	0.37083	0.74219
497	123.4	9.6	7.1693	1.0167	1
498	18	7	6.0101	3.475	1
499	134.9	7.8	6.3478	4.275	1
500	171.6	8.7	6.7476	2.0042	0.90348
501	227.8	10.4	7.5635	0.9125	0.62208
502	54.8	11.2	7.9766	1.0875	1
503	38.2	9.1	6.9323	2.0417	1
504	225.3	8	6.4348	0.8875	0.65673
505	247.7	9.7	7.2176	0.075	0.55158
506	258.6	8	6.4348	1.0167	0.50458
507	284.6	9.7	7.2176	0.54167	0.3832
508	266.8	14.6	9.9619	0.66667	0.4785
509	258.2	16.8	11.4663	0.7625	0.52761
510	280.5	17.9	12.2905	0.95	0.42541
511	220.7	18.5	12.7616	0.84583	0.72246
512	184.2	18.4	12.682	1.3875	0.9041
513	244.1	17.8	12.2135	0.84583	0.6202
514	252.6	20.6	14.5371	1.4542	0.5848
515	49.4	15.4	10.4876	0.95417	1
516	54.1	14.5	9.8978	0.71667	1
517	37.8	12.6	8.7475	0.82917	1
518	32.8	9.7	7.2176	1.4333	1
519	221.2	13.3	9.1568	0.25	0.75677
520	166.9	14.4	9.8341	0.6625	1
521	252.5	15	10.2218	0.13333	0.61772
522	134.1	14.8	10.0911	0.079167	1
523	165.8	14.8	10.0911	0.72083	1
524	244.7	11.4	8.083	1.7708	0.66462
525	114.3	11	7.8715	0.84583	1
526	199.4	13	8.9794	1.3917	0.87961
527	97.8	11.4	8.083	0.058333	1
528	140.3	13	8.9794	0.070833	1
529	29.2	11.5	8.1366	0.87917	1
530	212.5	13	8.9794	1.725	0.82756
531	132.6	12.3	8.577	0.9625	1
532	162.7	12.8	8.8627	1.35	1
533	147.4	13.1	9.0382	1.9375	1
534	139.6	14.5	9.8978	1.3958	1
535	235.5	15	10.2218	0.88333	0.72954
536	208.9	18.6	12.8416	0.35417	0.85138
537	128.9	16.8	11.4663	0.65	1
538	90.9	11.1	7.9239	1.0625	1
539	65.7	12.9	8.9209	0.34583	1
540	108.9	15.2	10.3539	0.32083	1
541	291.9	17.6	12.0607	1.0875	0.47611
542	287.8	17.9	12.2905	0.7875	0.49447
543	284.9	18.6	12.8416	0.73333	0.50717
544	281.1	18.3	12.6028	0.075	0.52374
545	290	18	12.3679	0.50833	0.48237
546	289.5	17.6	12.0607	0.095833	0.48349
547	244.2	14.7	10.0263	0.6	0.68838
548	283.1	16.1	10.9674	0.5625	0.50966
549	79.2	16.6	11.3218	0.60833	1
550	154	14.1	9.6452	1.5625	1
551	210.6	13.1	9.0382	0.88333	0.83544
552	159.4	15.9	10.8284	0.37083	1
553	266.8	20.6	14.5371	0.54167	0.57325
554	259.2	23.4	17.2382	0.175	0.60544
555	252.6	23.9	17.764	1.0542	0.63295
556	73	19.4	13.4978	0.75417	1
557	235.8	20.8	14.7169	1.2917	0.70444
558	259.6	23.9	17.764	0.50417	0.59053
559	191.8	23.8	17.6577	0.37917	0.90271
560	211.7	23.4	17.2382	0.23333	0.80659
561	183.1	21	14.8987	0.091667	0.93714
562	110.9	20	14.009	0.27917	1
563	222.6	18.2	12.5241	0.70417	0.74388
564	160.4	17.4	11.9096	1.05	1
565	174.9	18.4	12.682	1.15	0.9619
566	196.5	20.2	14.1831	0.066667	0.85493
567	245.2	24.7	18.6345	1.0958	0.61702
568	143.2	19.1	13.2483	0.53333	1
569	188.5	14.6	9.9619	0.10417	0.87979
570	248.5	17.5	11.985	0.44167	0.58347
571	261.2	16.7	11.3938	0.19167	0.51509
572	263.7	18.2	12.5241	0.73333	0.49588
573	256.1	22.4	16.2271	1.3042	0.5261
574	198	21.8	15.6456	0.20417	0.80674
575	252	22.8	16.6251	0.57083	0.53161
576	249.3	23.8	17.6577	0.5875	0.5374
577	246.4	22	15.8374	0.9625	0.54408
578	250.8	20.6	14.5371	1.2333	0.51367
579	240.5	19.2	13.331	0.59583	0.55769
580	233.3	22.4	16.2271	0.40417	0.58618
581	129.4	18.4	12.682	0.016667	1
582	235.5	21.3	15.175	0.37083	0.55748
583	223.1	21.3	15.175	0.2625	0.61328
584	238.2	18.4	12.682	0.5875	0.52474
585	249.1	16.6	11.3218	0.775	0.4571
586	227.6	16.6	11.3218	0.22917	0.56157
587	222.8	17.6	12.0607	0.15833	0.57748
588	230.8	20.7	14.6267	0.32917	0.52401
589	236	20.5	14.4479	0.3	0.48489
590	185.9	22.2	16.0312	0.5125	0.74995
591	170.5	18	12.3679	0.38333	0.82629
592	130.5	18.2	12.5241	0.24583	1
593	171.1	17.8	12.2135	0.091667	0.805
594	222.2	19.2	13.331	0.18333	0.50429
595	201.7	22.2	16.0312	0.34167	0.61003
596	203	23	16.8273	0.28333	0.59104
597	169.6	22.9	16.7259	0.25833	0.77486
598	186.2	21.9	15.7412	0.77083	0.66639
599	218.6	22.6	16.425	0.36667	0.46147
600	191.6	22.9	16.7259	0.57917	0.61048
601	141.8	18.7	12.9221	0.033333	0.90113
602	146.6	18.8	13.003	1.5875	0.86187
603	132.3	16.7	11.3938	1.4333	0.94038
604	146.3	12.8	8.8627	0.89583	0.84288
605	109.7	13.2	9.0973	0.41667	1
606	117.4	13.4	9.2167	0.425	1
607	131.3	13.1	9.0382	0.55833	0.90678
608	46.1	12.8	8.8627	0.9875	1
609	74.6	12.2	8.5208	1.1333	1
610	114	13.5	9.2768	0.27083	0.99016
611	54.9	14	9.5829	0.19167	1
612	53.6	13	8.9794	2.975	1
613	99.6	12.9	8.9209	1.125	1
614	123.3	12.8	8.8627	0.47917	0.88293
615	184.2	16.4	11.1788	0.89583	0.4374
616	75.3	14.8	10.0911	0.76667	1
617	35.1	15.7	10.6909	1.0875	1
618	144.8	13.4	9.2167	1.3542	0.67429
619	73.3	15.7	10.6909	0.66667	1
620	143.8	14.1	9.6452	0.81667	0.65089
621	109.4	18	12.3679	1.2083	0.89973
622	31.5	14.6	9.9619	0.90833	1
623	102.3	13.4	9.2167	0.1	0.93006
624	135	12.5	8.6903	0.025	0.65502
625	105.2	13.2	9.0973	0.0875	0.88089
626	97.8	13.9	9.521	0.6625	0.92839
627	47.3	11.6	8.1905	0.90833	1
628	17.4	12.3	8.577	1.275	1
629	134.7	10.9	7.8194	0.62083	0.56964
630	123.4	11	7.8715	0.32917	0.64973
631	93.4	12.8	8.8627	0.19167	0.89882
632	108.9	14.4	9.8341	1.725	0.7445
633	123.2	11.4	8.083	1.0792	0.5964
634	23.1	13.1	9.0382	2.4833	1
635	44.1	10.2	7.4632	1.1792	1
636	93.5	8.1	6.4787	2.9917	0.82308
637	71.5	5.3	5.3446	2.1917	1
638	84.5	6.4	5.7673	1.2583	0.88002
639	105.2	7.4	6.1769	0.65417	0.65484
640	121	9.9	7.315	0.80417	0.47256
641	95.5	13.3	9.1568	0.90417	0.71706
642	77.8	16.1	10.9674	1.1167	0.88713
643	100	16.6	11.3218	1.2458	0.63025
644	111.5	13.6	9.3374	0.15417	0.48256
645	98.9	15.9	10.8284	1.4833	0.60086
646	54.7	14.6	9.9619	0.50417	1
647	112.4	14.4	9.8341	0.38333	0.39982
648	106.3	15.2	10.3539	0.1375	0.44673
649	69.4	14.9	10.1563	0.070833	0.86857
650	20.9	14.1	9.6452	0.16667	1
651	34.3	15.2	10.3539	0.041667	1
652	29.1	14	9.5829	0.0083333	1
653	43	12.7	8.8049	0.52083	1
654	45	12.2	8.5208	0.070833	1
655	55.4	13.9	9.521	0.96667	0.94932
656	41.9	11.6	8.1905	1.4792	1
657	47.6	11.2	7.9766	2.2958	1
658	41.8	10.3	7.5132	2.1292	1
659	86.3	4.4	5.0193	0.91667	0.42763
660	81.5	4.4	5.0193	0.575	0.47255
661	81.3	5.7	5.495	1.05	0.44924
662	80.3	7.1	6.0514	0.84167	0.43791
663	73.2	9.2	6.9791	1.3125	0.52397
664	67.9	9.6	7.1693	0.54583	0.58475
665	56.1	14.7	10.0263	1.5167	0.75679
666	70.1	7.3	6.1349	0.35	0.49783
667	74	6.2	5.6884	0.1	0.40363
668	43.6	5.4	5.3819	0.033333	0.9144
669	52.9	5.2	5.3076	1.275	0.72823
670	18.2	6.7	5.8876	1.1792	1
671	39.4	4.1	4.9148	0.93333	0.93973
672	29.2	2.6	4.4206	1.4292	1
673	44.8	1.8	4.1754	0.1	0.79853
674	68.2	0.2	3.7208	0.1	0.30639
675	4	6	5.6103	2.3583	1
676	66.8	1.5	4.0866	0.54583	0
677	43.3	0.8	3.8859	0.22917	0.74771
678	12.8	6	5.6103	0.25	1
679	16.4	7.5	6.2193	0.85417	1
680	23.5	4.9	5.1978	0.54167	1
681	53.3	3.1	4.5802	0.93333	0.42689
682	55.2	-1	3.4092	0.375	0.35392
683	9.6	2.6	4.4206	0.39583	1
684	23.1	7.8	6.3478	1.8833	1
685	15.8	9.2	6.9791	1.9792	1
686	35	1.4	4.0574	3.7833	0.76157
687	40.9	0.7	3.8579	3.2375	0.58557
688	43.6	1.8	4.1754	2.7	0.48973
689	38.4	-1.4	3.3105	1.5583	0.60899
690	46.3	-3	2.9408	1.1167	0.3649
691	46.8	-2.3	3.0978	1.4292	0.32456
692	9.1	2.5	4.3893	0.92917	1
693	10.7	4	4.8804	1.7458	1
694	27.6	0.4	3.7752	1.0583	0.8286
695	36.5	-0.2	3.6143	0.72083	0.53812
696	27.5	-0.9	3.4342	0.14583	0.80077
697	27.4	0	3.6672	0.67083	0.78879
698	4.1	-0.2	3.6143	0.96667	1
699	11.6	-1.9	3.1908	0.1	1
700	32	-4.4	2.6478	0.63333	0.59092
701	6.1	-2.1	3.144	0.35833	1
702	20.6	-3.3	2.8757	0.41667	0.95198
703	27.1	-3.1	2.919	0.87083	0.71509
704	24.3	-6	2.3449	1.8833	0.80176
705	13.2	-6.6	2.2395	1.5458	1
706	8	-3.9	2.7493	1.2917	1
707	20.2	-2.2	3.1208	0.14167	0.92154
708	8	-0.6	3.5104	0.033333	1
709	14.9	0.4	3.7752	0.775	1
710	6.9	2	4.2356	1.5167	1
711	21.6	0.1	3.6939	1.2458	0.84272
712	4.3	-0.2	3.6143	0.56667	1
713	26.1	-0.1	3.6406	1.5208	0.66102
714	31.8	-5.7	2.3992	0.10417	0.43777
715	29.3	-7.7	2.0571	0.46667	0.52972
716	13.5	-5.1	2.5112	0.025	1
717	6.4	-2	3.1673	0.095833	1
718	9.7	0	3.6672	1.6375	1
719	17.7	-3.4	2.8543	1.3208	0.97301
720	29.3	-7.8	2.0412	0.4125	0.52565
721	14.4	-2.8	2.9849	0.79167	1
722	4.9	4.4	5.0193	2.3583	1
723	20.4	-3.4	2.8543	1.4833	0.8766
724	10	-2.4	3.0749	0.85	1
725	25	-4.7	2.5885	1.1208	0.71056
726	19.8	-7.6	2.0731	0.12917	0.91253
727	21.3	-6.4	2.2741	1.0167	0.86205
728	17.1	-11.1	1.5738	0.083333	1
729	34.8	-11.5	1.5242	0.058333	0.37989
730	25.7	-12.2	1.4407	1.3375	0.72345
731	14.8	-9	1.8586	1.1833	1
732	17.8	-7.6	2.0731	0.64583	1
733	10.1	-2.3	3.0978	0.87917	1
734	20.4	-7.2	2.1383	0.775	0.95043
735	20.8	-4.3	2.6678	1.0333	0.9462
736	6.8	-3.6	2.8119	1.7	1
737	24.4	-1.4	3.3105	1.5625	0.84633
738	13.3	1.1	3.9708	0.37083	1
739	23.7	0.5	3.8026	1.3125	0.89376
740	8.1	0.7	3.8579	1.1667	1
741	21.7	0	3.6672	0.47083	0.98139
742	20.5	0.8	3.8859	0.42083	1
743	14.1	-0.3	3.588	0.45833	1
744	9.8	-0.4	3.562	0.925	1
745	7.1	-1.2	3.3595	1.4792	1
746	10	-1.5	3.2863	1.0625	1
747	5.8	-3.1	2.919	0.4	1
748	7.3	-2.1	3.144	0.10833	1
749	9.3	-0.9	3.4342	0.45833	1
750	26.2	-6.2	2.3092	1.5458	0.96696
751	41.2	-7.4	2.1054	1.0375	0.58753
752	13.2	-6.4	2.2741	1.6542	1
753	44.6	-7.4	2.1054	1.7083	0.54403
754	43	-9.6	1.7729	2.1125	0.60606
755	41.4	-11.4	1.5364	1.9625	0.66627
756	35.4	-10.2	1.6907	1.9417	0.82934
757	44.1	-9.9	1.7314	0.88333	0.64372
758	26.1	-8.6	1.9178	0.32917	1
759	53.1	-6.6	2.2395	0.57917	0.48368
760	7.8	-2.6	3.0296	0.61667	1
761	14.5	-3.4	2.8543	0.67917	1
762	52.9	-6.4	2.2741	0.6125	0.55954
763	46.9	-6.2	2.3092	0.025	0.70663
764	18.3	-4.4	2.6478	0.60417	1
765	25.2	-5.1	2.5112	1.2875	1
766	63.9	-10.1	1.7042	0.13333	0.43426
767	72.1	-10.2	1.6907	1.0333	0.30298
768	66.7	-9.4	1.8011	1.5875	0.43209
769	70.2	-13.4	1.307	0.87917	0.39319
770	69	-11.6	1.512	0.89583	0.44089
771	40.3	-9.9	1.7314	1.875	0.97285
772	27.4	-3.7	2.7909	0.87083	1
773	47.3	1.8	4.1754	1.7167	0.88315
774	17	-1	3.4092	1.7333	1
775	12.2	-1	3.4092	2.8333	1
776	54.8	-2.4	3.0749	2.3375	0.81109
777	12.8	3	4.5479	4.525	1
778	16.9	0.8	3.8859	3.7542	1
779	20	0.9	3.914	1.6875	1
780	28.2	1.2	3.9995	0.84167	1
781	14.5	-2.5	3.0522	3.7417	1
782	41.6	-5	2.5304	3.6458	1
783	61.3	-5.6	2.4176	1.6	0.83506
784	89.7	-7.6	2.0731	0.55	0.45951
785	109.3	-7.1	2.1548	0.6	0
786	47.2	0.9	3.914	1.325	1
787	104.9	2.7	4.4521	1.6417	0.32895
788	89.4	0.6	3.8302	0.34167	0.55345
789	30.3	-0.4	3.562	1.1875	1
790	113.2	0.3	3.7479	3.5875	0.32497
791	88.3	-1.9	3.1908	2.025	0.64829
792	70.9	-3.1	2.919	1.0375	0.87252
793	96.2	-4.6	2.6081	0.2125	0.59425
794	87.2	-1.4	3.3105	0.975	0.71655
795	30.7	0.2	3.7208	0.75417	1
796	124.7	0.3	3.7479	1.5583	0.33732
797	131	-0.9	3.4342	1.625	0
798	131.1	-1.2	3.3595	1.825	0.31515
799	66	-2.7	3.0072	1.6583	1
800	99.5	-4.2	2.688	1.7083	0.68841
801	116.2	-4.3	2.6678	1.325	0.53544
802	52.3	-2.4	3.0749	1.1542	1
803	40.7	-0.7	3.4848	0.8125	1
804	125.3	-0.8	3.4595	1.0542	0.50382
805	26.5	0.4	3.7752	1.9042	1
806	31.6	0.7	3.8579	1.525	1
807	96	0.7	3.8579	0.86667	0.83342
808	139.2	0	3.6672	0.40417	0.45141
809	155	1.8	4.1754	0.94167	0.32812
810	134.6	0.2	3.7208	0.975	0.53099
811	120.4	4.8	5.1616	1.0917	0.6738
812	93.9	4.9	5.1978	1.0167	0.91929
813	22.4	2.1	4.2659	1.1583	1
814	46.6	0.7	3.8579	0.80833	1
815	40.5	0.9	3.914	1.575	1
816	185.2	-0.4	3.562	2.2667	0
817	85.8	2.1	4.2659	1.8083	1
818	80.9	1.3	4.0284	1.2875	1
819	34	0.2	3.7208	1.6583	1
820	101.6	-2	3.1673	1.675	0.95109
821	156.4	-2.6	3.0296	0.4	0.54078
822	106.6	-1.4	3.3105	0.52083	0.93511
823	148.2	1.8	4.1754	2.6333	0.63413
824	175.9	2.6	4.4206	2.5708	0.44347
825	74.3	3.5	4.7116	1.1458	1
826	179.8	7.6	6.2619	0.85833	0.44838
827	182	7.3	6.1349	0.36667	0.44897
828	176.5	7.9	6.3912	0.27083	0.50398
829	132.6	5.4	5.3819	0.625	0.82611
830	64.4	4.3	4.9842	0.25417	1
831	68.3	-0.2	3.6143	2.6292	1
832	126.1	0.2	3.7208	3.3417	0.90385
833	24.3	1.8	4.1754	2.7833	1
834	213.9	2.2	4.2965	2.4125	0.34337
835	220.6	4.8	5.1616	1.2375	0.31543
836	221	6.6	5.8473	0.475	0.32884
837	221.2	7.3	6.1349	1.175	0.34322
838	211.4	10.8	7.7677	0.79583	0.42073
839	167.1	11.6	8.1905	0.75417	0.7135
840	182.3	14.1	9.6452	0.96667	0.63017
841	201.1	16.4	11.1788	0.9	0.5262
842	206.7	17.3	11.8347	0.92083	0.50474
843	207.6	20	14.009	1.5875	0.51205
844	51.8	10	7.3641	1.6	1
845	141.4	9.3	7.0262	1.2417	0.93
846	70	9.3	7.0262	1.8708	1
847	241.7	8.6	6.7021	0.65417	0.36125
848	138.7	11.9	8.3542	0.86667	0.9703
849	205.5	8.5	6.6569	1.4	0.59471
850	45.6	7.8	6.3478	1.0333	1
851	168.5	10.9	7.8194	0.89167	0.82466
852	70.2	10.1	7.4135	0.85417	1
853	142.2	12.5	8.6903	0.54167	0.98754
854	55.3	7.8	6.3478	3.1958	1
855	124.8	6.8	5.9282	3.0625	1
856	250.6	8.1	6.4787	0.5375	0.41915
857	242.6	9.6	7.1693	1.25	0.47297
858	30.7	6.6	5.8473	1.7833	1
859	23.5	5	5.2342	3.5042	1
860	20.6	5.2	5.3076	1.6167	1
861	106.9	9.2	6.9791	0.26667	1
862	48.6	9.3	7.0262	1.1667	1
863	161.3	13.3	9.1568	1.2042	0.95057
864	89.8	11.1	7.9239	0.1	1
865	136.3	10.3	7.5132	1.1708	1
866	260.3	9.6	7.1693	1.0292	0.46441
867	129.4	12.8	8.8627	1.1083	1
868	213.5	16.2	11.0375	1.175	0.71605
869	220.7	16.7	11.3938	0.97083	0.68657
870	65	10.4	7.5635	1.95	1
871	258.6	12	8.4094	1.4042	0.51185
872	193.7	11.4	8.083	0.75833	0.83836
873	119.3	11.7	8.2448	1.6917	1
874	112.7	13.8	9.4594	1.7917	1
875	108	13.5	9.2768	1.675	1
876	135.5	11.5	8.1366	1.6667	1
877	105.2	12.4	8.6335	1.4292	1
878	72.3	8.5	6.6569	2.575	1
879	196.2	14.5	9.8978	2.125	0.85927
880	98.4	16.5	11.2501	0.73333	1
881	280.4	20.2	14.1831	2.0458	0.4683
882	168.2	13.8	9.4594	0.9625	1
883	49.1	11.6	8.1905	0.71667	1
884	112.4	12.2	8.5208	0.625	1
885	252.4	16.2	11.0375	0.46667	0.61818
886	290.3	17.9	12.2905	0.32917	0.4453
887	293.1	20	14.009	1.4417	0.43635
888	282.4	22.9	16.7259	0.35	0.48982
889	270	23.2	17.0317	0.77083	0.55068
890	257.5	20.7	14.6267	0.45833	0.61151
891	236.4	18.9	13.0843	0.42083	0.71147
892	250.9	21.2	15.0824	0.8375	0.64725
893	220.5	18.4	12.682	1.7	0.78903
894	223	13.8	9.4594	2.1083	0.77948
895	222.9	13.6	9.3374	1.6042	0.78168
896	274.9	15.4	10.4876	0.79583	0.54585
897	125.2	11.9	8.3542	0.41667	1
898	215.9	15	10.2218	0.7375	0.81773
899	160	14.7	10.0263	1.5167	1
900	90.5	12	8.4094	0.8625	1
901	121.5	10.5	7.6141	1.7875	1
902	187.7	12.5	8.6903	2.0542	0.94877
903	118	12.9	8.9209	0.55	1
904	126.4	12.6	8.7475	0.47083	1
905	101.7	12.5	8.6903	0.44583	1
906	187.7	15.1	10.2877	0.37917	0.94892
907	92.8	13	8.9794	0.3875	1
908	130.3	15.1	10.2877	0.83333	1
909	170.3	13.9	9.521	0.725	1
910	112.7	15	10.2218	1.3458	1
911	87.8	12.8	8.8627	2.0667	1
912	150	13.5	9.2768	1.8208	1
913	130.5	11.9	8.3542	2.1083	1
914	184.6	13.8	9.4594	1.725	0.95602
915	166.5	16.4	11.1788	2.5292	1
916	175.5	18.1	12.4458	1.2542	0.99446
917	86.2	12.3	8.577	0.75	1
918	229.4	13.1	9.0382	0.71667	0.74261
919	70.1	13.2	9.0973	0.7875	1
920	64.8	13.1	9.0382	2.9167	1
921	253.4	15.2	10.3539	2.1042	0.62286
922	58.1	14.4	9.8341	0.57083	1
923	150.7	14.9	10.1563	0.52083	1
924	177.8	16.6	11.3218	0.65	0.96506
925	122.2	18.4	12.682	1.2292	1
926	139.4	14.4	9.8341	1.075	1
927	247.6	13	8.9794	1.3	0.62585
928	217.3	14.7	10.0263	0.87083	0.76467
929	196.8	12	8.4094	0.75833	0.85774
930	238	13.2	9.0973	0.6875	0.65678
931	207.5	14.3	9.7708	0.29167	0.79777
932	165.3	12.7	8.8049	0.17917	0.99612
933	241.2	16.3	11.1079	0.71667	0.62492
934	246	20.8	14.7169	1.8333	0.59562
935	90.9	16.3	11.1079	1.1833	1
936	140.4	16.9	11.5392	0.70833	1
937	139.8	14	9.5829	0.84167	1
938	149.2	18.6	12.8416	0.8125	1
939	190.5	17.1	11.6861	0.2125	0.83809
940	206.1	17.5	11.985	0.4875	0.75388
941	134.1	16.4	11.1788	0.375	1
942	107.7	16.9	11.5392	0.41667	1
943	161.2	19.2	13.331	1.175	0.96219
944	212.3	17.2	11.7602	0.34583	0.69397
945	206.6	14.3	9.7708	0.57917	0.71561
946	185.3	15.7	10.6909	0.48333	0.81852
947	239.9	16.9	11.5392	0.98333	0.52533
948	160.3	16.1	10.9674	1.1708	0.93538
949	209.7	18.8	13.003	1.5917	0.66627
950	135.5	18.1	12.4458	0.89167	1
951	214.9	19.7	13.7513	1.5917	0.62004
952	235.8	19.2	13.331	2.2542	0.49687
953	197.2	20.2	14.1831	2.0875	0.69716
954	72.7	19.3	13.4142	1.2667	1
955	62.9	15.5	10.555	0.97083	1
956	131.1	16	10.8977	0.3125	1
957	45.2	16	10.8977	0.69167	1
958	134.2	16.9	11.5392	0.86667	1
959	176.8	17.2	11.7602	0.3375	0.75327
960	192.3	17.8	12.2135	0.5125	0.65315
961	210.3	19.6	13.6663	0.75	0.53645
962	202.2	20.5	14.4479	0.87917	0.57179
963	196.9	20.9	14.8075	1.2625	0.591
964	195.3	20.6	14.5371	1	0.58818
965	198	21.7	15.5505	1.2708	0.55905
966	105.9	18.9	13.0843	1.0083	1
967	108.6	16.6	11.3218	1.0042	1
968	135.9	16.9	11.5392	0.39167	0.90815
969	134.5	17	11.6124	0.60833	0.9069
970	95.1	17.2	11.7602	1.3208	1
971	176	16.3	11.1079	2.2833	0.61705
972	152.9	16	10.8977	2.6625	0.75462
973	110.4	13.7	9.3982	1.6875	1
974	178.8	11.2	7.9766	0.275	0.55569
975	144.1	14.2	9.7078	0.3	0.77591
976	133.2	14.4	9.8341	0.32917	0.83798
977	99.8	14.1	9.6452	0.25833	1
978	157.1	12.7	8.8049	0.675	0.64524
979	131.9	11.8	8.2993	1.4417	0.80977
980	144	13.4	9.2167	1.8	0.70951
981	113.7	10.8	7.7677	0.83333	0.91631
982	116	10.2	7.4632	0.71667	0.88733
983	85.6	11.6	8.1905	0.81667	1
984	128.4	10.8	7.7677	0.99583	0.76786
985	46.3	10.4	7.5635	2.5125	1
986	60.3	11.9	8.3542	0.90833	1
987	101.9	10.1	7.4135	0.56667	0.93323
988	100.2	10.1	7.4135	0.70417	0.93429
989	126	11.2	7.9766	0.96667	0.71157
990	34.6	10.1	7.4135	1.1667	1
991	78.2	8.6	6.7021	1.4708	1
992	152.2	8.6	6.7021	1.8542	0.43928
993	79.7	7.2	6.093	1.6	1
994	62.1	9.5	7.1214	1.625	1
995	154.2	9.7	7.2176	1.925	0.35768
996	145.2	10.4	7.5635	1.2292	0.41636
997	85	9.8	7.2661	0.6	0.94718
998	26.9	8.1	6.4787	0.2625	1
999	73.1	8	6.4348	0.15	1
1000	76.1	12.1	8.465	1.7042	0.99077
1001	82.2	11.8	8.2993	1.2125	0.91764
1002	30.8	11.7	8.2448	2.8542	1
1003	103.4	15.3	10.4206	2.325	0.67308
1004	35.8	11.6	8.1905	0.85417	1
1005	90.9	8.2	6.5228	0.59583	0.76528
1006	107.6	8.5	6.6569	1.05	0.56926
1007	30.9	9.7	7.2176	2.1208	1
1008	98.3	8.7	6.7476	0.80833	0.62842
1009	112.5	7.2	6.093	0.083333	0.44786
1010	116.1	8.1	6.4787	0.054167	0.38234
1011	58.4	11.4	8.083	0.15417	1
1012	50.1	12.8	8.8627	0.066667	1
1013	72	6.8	5.9282	0.15	0.83709
1014	83	6.2	5.6884	0.6375	0.68371
1015	85.3	8.7	6.7476	1.0625	0.63405
1016	87.7	9.5	7.1214	0.54583	0.58144
1017	92	9	6.8857	0.45417	0.50225
1018	86.6	9.4	7.0737	0.325	0.54945
1019	44.3	12.2	8.5208	0.17917	1
1020	16.6	11	7.8715	0.21667	1
1021	62.7	9.2	6.9791	0.14167	0.81347
1022	75.9	9.7	7.2176	1.1042	0.60407
1023	25.5	8	6.4348	0.98333	1
1024	29	7.7	6.3047	0.9375	1
1025	26.3	9	6.8857	1.3333	1
1026	56.5	5.4	5.3819	0.24583	0.81025
1027	72.8	5	5.2342	0.5	0.53035
1028	81.5	5.4	5.3819	1.8458	0.36297
1029	49.9	4.9	5.1978	1.2083	0.86004
1030	43.5	8.8	6.7933	1.7542	0.95018
1031	18.5	11.7	8.2448	2.4583	1
1032	18.3	9.1	6.9323	3.0333	1
1033	37.6	8.3	6.5672	2.1	1
1034	25.6	8.4	6.6119	2.4417	1
1035	15.6	9.5	7.1214	2.4917	1
1036	9	11.8	8.2993	3.6	1
1037	19.1	13.4	9.2167	3.7708	1
1038	40.4	12.2	8.5208	3.175	0.86712
1039	41.5	10.4	7.5635	3.3167	0.82581
1040	11.6	9.1	6.9323	4.45	1
1041	29.6	7.4	6.1769	3.0125	1
1042	59.5	4	4.8804	2.1167	0.37057
1043	23.7	4.3	4.9842	2.5542	1
1044	39.3	3.8	4.8122	1.5083	0.77511
1045	24.6	6.9	5.969	1.4875	1
1046	12.4	7.6	6.2619	0.9125	1
1047	16.9	4.6	5.09	2.0125	1
1048	38.4	2.2	4.2965	0.7875	0.71503
1049	45.4	2.2	4.2965	0.56667	0.51587
1050	21.8	4.5	5.0545	0.8875	1
1051	8.7	4.1	4.9148	0.6625	1
1052	9.8	4.3	4.9842	1.0875	1
1053	7.9	1.7	4.1457	2.4917	1
1054	26.3	2.4	4.3582	1.7208	0.92814
1055	9.5	4.2	4.9494	3.6042	1
1056	18	3.6	4.7449	3.4625	1
1057	36.7	-0.2	3.6143	1.6833	0.57306
1058	11.8	0.6	3.8302	1.3042	1
1059	31.9	-0.3	3.588	2.0917	0.68021
1060	13.2	0.2	3.7208	1.675	1
1061	22.1	0	3.6672	0.59583	0.95817
1062	10.5	0.8	3.8859	2.4583	1
1063	24.7	-0.4	3.562	2.6417	0.84839
1064	8.8	1.1	3.9708	1.6792	1
1065	7.2	1	3.9423	1.0667	1
1066	11.5	3.9	4.8462	2.7458	1
1067	16.4	4.3	4.9842	2.4958	1
1068	15.5	3.6	4.7449	1.9625	1
1069	26.9	-0.1	3.6406	0.6625	0.69811
1070	27.6	-1.1	3.3843	0.3125	0.6617
1071	13.7	-1.4	3.3105	0.71667	1
1072	6.5	-1.2	3.3595	1.2542	1
1073	4.7	-1.4	3.3105	1.4333	1
1074	3.8	-0.6	3.5104	0.9375	1
1075	4.2	-0.8	3.4595	0.96667	1
1076	2.8	-1.1	3.3843	1.8417	1
1077	10.4	0.1	3.6939	1.2833	1
1078	15.7	-2.9	2.9628	1.45	1
1079	12.4	1.6	4.1161	4.3125	1
1080	13.8	-2.4	3.0749	0.9125	1
1081	9.4	0.7	3.8579	0.3125	1
1082	3.4	0.8	3.8859	0.82917	1
1083	24.1	-0.7	3.4848	1.5167	0.72546
1084	30.6	-5	2.5304	1.2375	0.47543
1085	32.9	-9.1	1.8441	0.20417	0.38924
1086	11.3	-5.4	2.4547	0.22917	1
1087	19.9	-5.6	2.4176	1.1542	0.89574
1088	25.8	-10	1.7177	0.39167	0.67463
1089	20.6	-3.9	2.7493	1.5875	0.87726
1090	33.7	-9.2	1.8296	0.4375	0.38932
1091	15.2	-9.9	1.7314	1.4417	1
1092	30.9	-14.7	1.1747	0.30833	0.51283
1093	8.4	-9.8	1.7451	1.0792	1
1094	30	-11.4	1.5364	0.94583	0.56701
1095	26.4	-15.5	1.0994	0.8875	0.70814
1096	37.6	-18.2	0.87592	0.058333	0.30487
1097	33.1	-17	0.96968	0.016667	0.48029
1098	28.4	-7.6	2.0731	1.4292	0.65975
1099	35.3	-8.5	1.9328	1.5875	0.43254
1100	31.3	-8.5	1.9328	0.25417	0.58596
1101	12.9	-3.5	2.833	0.24167	1
1102	16.3	-5.2	2.4923	0.31667	1
1103	30.1	-6.3	2.2916	0.1	0.67117
1104	14.8	-5.2	2.4923	0.53333	1
1105	36.3	-5.1	2.5112	0.38333	0.50442
1106	21.7	-7	2.1715	0.52083	0.98139
1107	23.7	-5	2.5304	1.3167	0.9313
1108	11.3	1.3	4.0284	1.7708	1
1109	28.9	0.2	3.7208	0.84167	0.8018
1110	34.7	-2	3.1673	0.74583	0.64742
1111	33.5	-5	2.5304	0.125	0.70054
1112	36.1	-4.8	2.569	0.4625	0.645
1113	9.7	0.6	3.8302	1.475	1
1114	8.3	1.4	4.0574	1.0833	1
1115	6.3	0.3	3.7479	0.6375	1
1116	16	0.2	3.7208	0.5875	1
1117	33	1.6	4.1161	1.9667	0.81969
1118	33.6	4.8	5.1616	1.65	0.82153
1119	24.7	1.2	3.9995	0.7	1
1120	19.3	-0.3	3.588	1.225	1
1121	47.7	-2.5	3.0522	1.4708	0.53677
1122	46.4	-3.9	2.7493	0.66667	0.59009
1123	9.2	1.9	4.2054	2.2167	1
1124	8.2	1.8	4.1754	2.0167	1
1125	7.4	2.4	4.3582	2.8292	1
1126	54.2	0.2	3.7208	2.7333	0.50818
1127	58.5	-3.3	2.8757	1.0333	0.44133
1128	59.8	-4	2.7288	0.64167	0.4397
1129	12	-1.7	3.2382	0.825	1
1130	23.3	1.6	4.1161	3.25	1
1131	35.1	-0.1	3.6406	2.5625	0.99563
1132	36.6	2.2	4.2965	2.5417	0.98134
1133	31.9	5.8	5.5332	2.825	1
1134	59.5	2.8	4.4839	2.9958	0.58972
1135	29.5	5.8	5.5332	2.6792	1
1136	22.1	8	6.4348	3.1167	1
1137	32.1	4.9	5.1978	5.1125	1
1138	29.5	4.4	5.0193	1.6792	1
1139	29.5	6.1	5.6492	3.3333	1
1140	14.1	3	4.5479	4.9	1
1141	36.45	-0.6	3.5104	0.40833	1
1142	58.8	-2.8	2.9849	0.82083	0.7658
1143	65.2	-1.6	3.2622	1.8292	0.68543
1144	14.1	3	4.5479	2.7667	1
1145	73.5	3.1	4.5802	3.5458	0.60128
1146	31.1	5.8	5.5332	4.4708	1
1147	16.6	6.4	5.7673	4.9292	1
1148	55.8	7.7	6.3047	3.3875	0.91242
1149	68.9	8.7	6.7476	2.2	0.74678
1150	36.7	8.2	6.5228	3.0708	1
1151	53.3	9.3	7.0262	4.35	0.99055
1152	31.5	5.3	5.3446	2.8667	1
1153	78.6	2	4.2356	2.6625	0.69231
1154	97.9	7.4	6.1769	0.1	0.46721
1155	99.6	7.3	6.1349	0.1	0.4686
1156	93	10.3	7.5132	3.9708	0.57147
1157	99.1	4.7	5.1257	3.9208	0.51874
1158	120.5	1.1	3.9708	1.4292	0
1159	103.7	4	4.8804	0.69583	0.50727
1160	68.7	3.2	4.6128	1.3958	0.92755
1161	130.2	1.3	4.0284	0.1	0
1162	73.5	6.4	5.7673	1.0792	0.90235
1163	130.9	3.1	4.5802	0.63333	0
1164	130.5	4.5	5.0545	0.7375	0.32156
1165	76.1	4.1	4.9148	1.0417	0.91686
1166	26.7	4.1	4.9148	0.87083	1
1167	26.4	7.1	6.0514	2.7125	1
1168	35.6	8.1	6.4787	3.3458	1
1169	24.1	6.8	5.9282	3.225	1
1170	105.2	2.2	4.2965	1.6667	0.69941
1171	119.8	-0.7	3.4848	1.0917	0.57597
1172	117.4	0.8	3.8859	1.6542	0.61683
1173	52.5	-0.9	3.4342	1.6792	1
1174	151.5	-1.8	3.2145	0.93333	0.33861
1175	105.3	0.2	3.7208	1.375	0.77735
1176	136.4	-0.4	3.562	1.2583	0.51495
1177	123.4	1.7	4.1457	1.6875	0.64745
1178	133.7	2.3	4.3272	1.9542	0.57449
1179	146.5	1	3.9423	1.6042	0.48225
1180	116.6	6.9	5.969	2.6417	0.75248
1181	143.3	8.4	6.6119	5.275	0.54489
1182	88.1	5.1	5.2707	4.1292	1
1183	95	4.1	4.9148	4.15	0.96965
1184	129	5.6	5.4571	2.3375	0.70915
1185	151	6.8	5.9282	2.6792	0.55005
1186	183.4	7	6.0101	1.9958	0.31403
1187	134.1	6.9	5.969	0.79583	0.71228
1188	56.3	6	5.6103	3.275	1
1189	152.6	3.9	4.8462	4.225	0.60112
1190	45.1	4	4.8804	3.1833	1
1191	132.5	1.7	4.1457	3.8292	0.77802
1192	178.4	1.2	3.9995	1.2375	0.45851
1193	90.5	4.4	5.0193	1.075	1
1194	91.2	8.2	6.5228	1.2042	1
1195	82.5	8.2	6.5228	4.175	1
1196	109	5.7	5.495	5.9208	1
1197	172.9	2	4.2356	3.0375	0.5735
1198	155.8	4.7	5.1257	2.0083	0.7031
1199	65	6.6	5.8473	4.6875	1
1200	133.6	2.8	4.4839	3.8708	0.87459
1201	188.2	2.7	4.4521	2.6625	0.52753
1202	164.4	7.8	6.3478	2.5458	0.69553
1203	48.9	6.7	5.8876	2.85	1
1204	153.8	2.2	4.2965	1.1167	0.78639
1205	170.1	1.4	4.0574	0.55	0.69464
1206	158.7	2.9	4.5158	1.2	0.77706
1207	121.7	5.4	5.3819	1.9208	1
1208	185.4	4	4.8804	2.3583	0.63481
1209	147.9	11	7.8715	4.2875	0.87321
1210	78.2	5.6	5.4571	3.0625	1
1211	254.1	7.1	6.0514	1.2583	0
1212	178.6	13	8.9794	2.0708	0.7194
1213	99.9	11.9	8.3542	2.1917	1
1214	80.8	9.8	7.2661	2.1208	1
1215	30.4	8.2	6.5228	2.6	1
1216	87.1	7.8	6.3478	1.4708	1
1217	192.2	14.6	9.9619	2.4458	0.69089
1218	199.4	9.5	7.1214	2.1708	0.66013
1219	205.5	15.4	10.4876	1.4167	0.63588
1220	64.1	12.4	8.6335	1.6875	1
1221	134.5	13.5	9.2768	2.35	1
1222	179	5	5.2342	2.6458	0.80801
1223	194.4	8.2	6.5228	1.1167	0.73286
1224	207.5	9.7	7.2176	1.7542	0.67098
1225	210	10.3	7.5132	2.6958	0.66622
1226	221	17	11.6124	2.2542	0.61652
1227	175.3	14.8	10.0911	1.1875	0.86477
1228	128.6	16.8	11.4663	0.92917	1
1229	191.7	16.9	11.5392	1.7125	0.79315
1230	156.6	14.9	10.1563	0.8375	0.98068
1231	228.5	18	12.3679	1.5458	0.6185
1232	248.6	20.3	14.2709	2.1167	0.52391
1233	128.8	18.3	12.6028	1.1792	1
1234	88.5	15	10.2218	0.4625	1
1235	136.6	13.2	9.0973	0.96667	1
1236	76.5	11.6	8.1905	1.1125	1
1237	66.7	7.6	6.2619	1.0167	1
1238	141.4	7.7	6.3047	0.8125	1
1239	289.1	6.9	5.969	1.1583	0.37623
1240	275.2	9.8	7.2661	0.675	0.45125
1241	170.3	9.3	7.0262	0.6875	0.96708
1242	99.8	10	7.3641	1.55	1
1243	226.4	8.8	6.7933	1.1625	0.70536
1244	84.7	10.8	7.7677	1.975	1
1245	180.4	8.9	6.8394	1.8208	0.93468
1246	266.2	9.9	7.315	1.4458	0.53048
1247	233.4	12.2	8.5208	1.8125	0.69095
1248	300.8	13.4	9.2167	1.5625	0.3771
1249	232.7	14.4	9.8341	0.37917	0.70267
1250	266.5	16.3	11.1079	0.525	0.54807
1251	274	18.7	12.9221	1.5333	0.5172
1252	288.9	18.6	12.8416	1.7	0.45182
1253	294.5	19.7	13.7513	1.9333	0.42984
1254	279.1	21.2	15.0824	1.9458	0.50512
1255	126.2	16.2	11.0375	0.8875	1
1256	225.7	16.8	11.4663	0.57083	0.75825
1257	305.8	19.9	13.9226	1.0125	0.39193
1258	239.4	20.8	14.7169	1.1667	0.7001
1259	185.8	17.8	12.2135	0.6125	0.94818
1260	160.2	16.7	11.3938	0.95417	1
1261	136.9	14.9	10.1563	1.9333	1
1262	126	11.8	8.2993	1.4458	1
1263	244	13.4	9.2167	1.1125	0.68843
1264	163.5	12.4	8.6335	0.77083	1
1265	291.7	14.6	9.9619	0.5125	0.47381
1266	74.8	14.7	10.0263	1.1583	1
1267	125.1	15.4	10.4876	1.975	1
1268	169.8	15	10.2218	2.2042	1
1269	179.5	14.7	10.0263	1.7917	0.98627
1270	109.2	12.8	8.8627	2.1	1
1271	167.6	10.2	7.4632	1.3333	1
1272	84.8	15.3	10.4206	1.175	1
1273	132.7	17.5	11.985	1.1708	1
1274	262.1	19.4	13.4978	0.44583	0.61006
1275	246.4	23.6	17.4468	1.7583	0.68058
1276	165.2	18.8	13.003	0.85417	1
1277	136.6	16.6	11.3218	0.52083	1
1278	247.5	18.9	13.0843	1.1458	0.67195
1279	182	18.6	12.8416	0.85417	0.96929
1280	125.3	17.7	12.1369	0.1625	1
1281	248.9	18.1	12.4458	0.91667	0.66012
1282	200.9	16.9	11.5392	1.575	0.878
1283	273	19.2	13.331	1.5917	0.54477
1284	271.7	18.4	12.682	1.5833	0.5479
1285	137.4	17.1	11.6861	0.78333	1
1286	289.2	18.2	12.5241	0.79167	0.46063
1287	234	19.2	13.331	0.45	0.71279
1288	240.4	18	12.3679	0.64583	0.67976
1289	263.2	18	12.3679	0.8625	0.56993
1290	236.4	19.8	13.8367	0.65417	0.69112
1291	143.2	18.5	12.7616	0.49167	1
1292	176	18.6	12.8416	0.29583	0.96724
1293	146.6	18	12.3679	0.59583	1
1294	54.2	15.6	10.6228	1.1208	1
1295	166.2	17.5	11.985	1.95	1
1296	39.6	16.2	11.0375	1.5667	1
1297	198.5	19	13.1661	1.5708	0.84092
1298	247.2	20.2	14.1831	0.95	0.60179
1299	210.4	19.4	13.4978	0.5	0.77388
1300	157.2	17.3	11.8347	0.25	1
1301	144.5	17.8	12.2135	0.1625	1
1302	187.8	19.4	13.4978	0.95	0.86822
1303	164.7	18.4	12.682	1.9125	0.97675
1304	219.1	17.7	12.1369	1.7	0.70216
1305	193.1	17.6	12.0607	0.7875	0.82513
1306	216.5	18.4	12.682	0.3	0.70177
1307	117	15.1	10.2877	1.0958	1
1308	161.7	14.3	9.7708	0.6375	0.9654
1309	233.3	16.2	11.0375	0.066667	0.59442
1310	141.1	18.2	12.5241	0.1	1
1311	193.5	20.4	14.3591	0.1875	0.78329
1312	237.6	18.4	12.682	0.77917	0.54656
1313	202.1	19.3	13.4142	1.0542	0.72322
1314	211.4	19	13.1661	1.1292	0.66602
1315	202.2	20.4	14.3591	0.85417	0.70608
1316	231.7	20.9	14.8075	0.4125	0.53965
1317	226.2	21.3	15.175	0.28333	0.55917
1318	218.1	22.4	16.2271	0.7	0.59295
1319	225.1	22	15.8374	0.52917	0.54452
1320	188.8	20.9	14.8075	0.058333	0.73396
1321	192.5	22.5	16.3258	0.26667	0.70399
1322	174.9	19.7	13.7513	0.775	0.7928
1323	151.8	19.5	13.5818	0.1	0.91411
1324	223.2	19.3	13.4142	0.25833	0.49858
1325	201.1	19	13.1661	0.77083	0.61348
1326	188.7	22.6	16.425	1.2458	0.67404
1327	219.4	21.5	15.3618	1.1583	0.48315
1328	200.8	22.4	16.2271	1.2125	0.58007
1329	168.6	22.6	16.425	0.87083	0.75992
1330	100.2	21.5	15.3618	0.39583	1
1331	160.6	23.4	17.2382	0.7875	0.7867
1332	181.4	23.9	17.764	1.65	0.64792
1333	188.9	22.9	16.7259	1.6083	0.58883
1334	130	20.9	14.8075	0.73333	0.94518
1335	171.3	23.1	16.9292	2.0917	0.67349
1336	22.6	15.2	10.3539	1.0542	1
1337	120.7	15.2	10.3539	0.75833	0.97549
1338	192.7	15.8	10.7595	0.14583	0.49377
1339	193.2	18.4	12.682	0.975	0.47502
1340	131.3	21.1	14.9903	1.1792	0.87417
1341	68.6	19.2	13.331	0.22083	1
1342	51.6	18.2	12.5241	0.47917	1
1343	153	18.3	12.6028	0.4875	0.68825
1344	131.4	16.2	11.0375	1.2417	0.82597
1345	101.8	15.2	10.3539	2.2125	1
1346	41.4	16.7	11.3938	2.6583	1
1347	100.5	13.4	9.2167	3.5875	1
1348	113.9	12.8	8.8627	2.125	0.90287
1349	88.4	13.7	9.3982	1.0042	1
1350	118	16.2	11.0375	1.7708	0.84685
1351	121.2	13.2	9.0973	2.3292	0.80889
1352	129.4	11.6	8.1905	2.4583	0.73088
1353	138.6	11.8	8.2993	1.65	0.64281
1354	159.7	14.5	9.8978	1.875	0.45679
1355	85.6	13.8	9.4594	1.5625	1
1356	131.6	11.4	8.083	0.18333	0.64926
1357	135.3	7.9	6.3912	0.725	0.60108
1358	106.1	6.7	5.8876	0.53333	0.83134
1359	50.6	8.5	6.6569	0.45833	1
1360	135.6	10.2	7.4632	0.59583	0.5428
1361	28.7	12.1	8.465	0.96667	1
1362	145.2	11	7.8715	0.35417	0.41636
1363	141.8	11.1	7.9239	0.23333	0.42559
1364	67.3	10.3	7.5132	0.40417	1
1365	100.4	10.5	7.6141	0.45417	0.7734
1366	140.4	8.1	6.4787	0.20417	0.37111
1367	118.3	13.5	9.2768	0.65417	0.56397
1368	110.8	13.5	9.2768	1.275	0.61804
1369	98.3	12.3	8.577	1.3125	0.72474
1370	78.7	10.5	7.6141	3.8125	0.90843
1371	67.9	10.6	7.665	1.4958	1
1372	27.2	14	9.5829	2.4667	1
1373	22.6	14.6	9.9619	2.3208	1
1374	55.5	12.8	8.8627	0.83333	1
1375	69.9	16.7	11.3938	1.8625	0.9271
1376	97.6	15.4	10.4876	2.525	0.59426
1377	46.1	18.2	12.5241	3.8458	1
1378	46.7	12.9	8.9209	3.25	1
1379	38	10.2	7.4632	4.3	1
1380	67.8	8.8	6.7933	1.4292	0.87122
1381	69.2	8	6.4348	2.1083	0.83646
1382	99.4	4.6	5.09	1.2458	0.43151
1383	36.3	3.4	4.6784	0.97083	1
1384	62.6	2.1	4.2659	0.6	0.86915
1385	76.9	7.3	6.1349	1.3792	0.65726
1386	75.3	11.4	8.083	2.0583	0.65747
1387	47.8	10.4	7.5635	0.92917	1
1388	63.9	5.2	5.3076	1.0958	0.77711
1389	90	0.7	3.8579	0.25833	0.37319
1390	47.5	4.3	4.9842	1.525	0.98309
1391	62.1	6.9	5.969	2.275	0.7435
1392	76.9	2.1	4.2659	2.0875	0.4911
1393	23	0.7	3.8579	0.1	1
1394	69.5	0.6	3.8302	0.1	0.55866
1395	81.1	-1.2	3.3595	0.1	0.34049
1396	81	0.4	3.7752	0.6875	0.31247
1397	20.4	4.7	5.1257	1.8625	1
1398	40.1	3.2	4.6128	0.275	0.97649
1399	21.1	3.6	4.7449	0.90417	1
1400	33.7	1.9	4.2054	1.0667	1
1401	11.4	5	5.2342	1.475	1
1402	66.2	1.7	4.1457	1.925	0.40478
1403	54.5	0.3	3.7479	2.0083	0.60704
1404	13.6	3.2	4.6128	2.1583	1
1405	21.4	6.8	5.9282	1.6125	1
1406	34.1	10.5	7.6141	1.9	0.96212
1407	39.2	7.6	6.2619	1.4333	0.83591
1408	31.7	7.8	6.3478	1.8792	0.98159
1409	26.6	7.8	6.3478	1.7458	1
1410	43.4	5.8	5.5332	1.175	0.68107
1411	16.1	5	5.2342	1	1
1412	5.5	5	5.2342	1.8458	1
1413	9.2	4.5	5.0545	0.57083	1
1414	10.8	3.8	4.8122	1.4	1
1415	22.7	3.6	4.7449	0.83333	1
1416	10.6	5.2	5.3076	0.8	1
1417	38.6	0.7	3.8579	1.5167	0.64661
1418	42.2	-1.2	3.3595	1.1208	0.52763
1419	35.4	-0.5	3.5361	2.0125	0.69185
1420	17.3	0.2	3.7208	0.85417	1
1421	30.5	0.7	3.8579	0.66667	0.79251
1422	15.3	-0.8	3.4595	0.89583	1
1423	5.7	-1.5	3.2863	1.0208	1
1424	5.2	-0.2	3.6143	1.725	1
1425	33.6	-1.1	3.3843	0.97917	0.6277
1426	34.5	-2.4	3.0749	1.3667	0.58078
1427	10	-1.1	3.3843	1.9333	1
1428	8.3	1.7	4.1457	1.4167	1
1429	13.7	5	5.2342	0.825	1
1430	8.6	1.1	3.9708	1.225	1
1431	22.7	-2.1	3.144	0.84583	0.89085
1432	19.4	1	3.9423	2.0208	0.99334
1433	6.8	0.5	3.8026	2.1042	1
1434	12.7	-0.6	3.5104	1.8042	1
1435	15	1.4	4.0574	2.9125	1
1436	6	5.7	5.495	1.9333	1
1437	13.8	2.8	4.4839	1.4333	1
1438	14.5	4.4	5.0193	1.9542	1
1439	3.9	7.4	6.1769	2.9	1
1440	9.4	8.7	6.7476	2.7208	1
1441	5.5	6.2	5.6884	1.7667	1
1442	4.8	3.3	4.6455	2.6542	1
1443	7.2	2	4.2356	2.0583	1
1444	14.3	-2.9	2.9628	2.5208	1
1445	33.6	-10	1.7177	2.5708	0.36413
1446	31.9	-10.9	1.5991	2.4333	0.4264
1447	27	-6.2	2.3092	1.6292	0.61382
1448	19.6	-3	2.9408	0.9375	0.89937
1449	11	-2.4	3.0749	0.87917	1
1450	4.1	0.4	3.7752	1.7292	1
1451	5.3	0	3.6672	0.60833	1
1452	5.4	0.2	3.7208	0.725	1
1453	11.7	2.7	4.4521	1.8167	1
1454	25.1	8.1	6.4787	3.15	0.70131
1455	14	7.9	6.3912	4.5208	1
1456	6.5	5.3	5.3446	2.9875	1
1457	7.9	3.7	4.7785	1.5833	1
1458	7.4	2.2	4.2965	1.2125	1
1459	15.6	1	3.9423	1.3	1
1460	24.1	4.2	4.9494	1.725	0.78166
1461	7.8	6	5.6103	1.2083	1
1462	10.9	4.8	5.1616	1.7708	1
1463	11.8	6.7	5.8876	3.5208	1
1464	22.3	4.6	5.09	3.9458	0.88439
1465	15.3	4.6	5.09	3.9792	1
1466	8.2	4.4	5.0193	3.0292	1
1467	6	5.5	5.4194	2.7833	1
1468	15.7	6	5.6103	3.0792	1
1469	9	8.2	6.5228	2.325	1
1470	31.2	8.3	6.5672	1.8292	0.66702
1471	39	2	4.2356	0.99167	0.43866
1472	36.5	1.6	4.1161	0.25	0.53632
1473	21	0.7	3.8579	0.80417	1
1474	32.9	3.4	4.6784	1.5792	0.68251
1475	36.1	5.4	5.3819	2.8542	0.60639
1476	19.7	5.1	5.2707	1.9208	1
1477	27.3	4.7	5.1257	3.5417	0.89371
1478	20.4	4.1	4.9148	3.025	1
1479	26.7	3.1	4.5802	1.5708	0.93936
1480	9.1	1.6	4.1161	2.2917	1
1481	13.5	-0.1	3.6406	2.325	1
1482	8.3	1.8	4.1754	2.1667	1
1483	12.3	-0.9	3.4342	1.2667	1
1484	19.1	-2.4	3.0749	1.2375	1
1485	38.2	-4.6	2.6081	0.65	0.7439
1486	54.9	-5.5	2.436	0.15833	0.36551
1487	39.9	-5.9	2.3629	1.8667	0.74167
1488	25.9	-0.9	3.4342	1.7333	1
1489	59.7	-1.6	3.2622	0.7875	0.33577
1490	12.1	0.9	3.914	3.1875	1
1491	56.3	-8	2.0097	2.8917	0.46296
1492	61.8	-8.7	1.9028	0.7125	0.37167
1493	60.4	-5.3	2.4734	2.1708	0.42729
1494	24.7	-2.6	3.0296	3.725	1
1495	50.3	1.6	4.1161	3.25	0.67874
1496	15.9	2.3	4.3272	2.8875	1
1497	13.3	3.3	4.6455	2.025	1
1498	50.6	2.5	4.3893	2.3042	0.73371
1499	25.5	3.1	4.5802	3.05	1
1500	40.8	5.2	5.3076	2.8625	0.94878
1501	17.3	5.9	5.5717	2.7833	1
1502	18.1	7.2	6.093	3.35	1
1503	13.25	10.6	7.665	4.7625	1
1504	8.4	8.9	6.8394	2.45	1
1505	24.2	10.7	7.7162	2.7292	1
1506	12.1	9.9	7.315	3.2458	1
1507	15.1	8.5	6.6569	4.2417	1
1508	91.5	2.7	4.4521	2.3875	0
1509	12.2	6.4	5.7673	2.825	1
1510	68.8	5.9	5.5717	2.3458	0.67115
1511	22.8	5.4	5.3819	1.7417	1
1512	75.8	8	6.4348	1.7333	0.61027
1513	62.5	5.8	5.5332	1.8125	0.81818
1514	94.1	6.7	5.8876	2.7417	0.39874
1515	18.5	8.5	6.6569	3.0458	1
1516	30.7	8.5	6.6569	1.6042	1
1517	29.5	8.2	6.5228	2.7917	1
1518	15.4	8.3	6.5672	4.7792	1
1519	38.5	2.5	4.3893	4.4292	1
1520	44.2	1.6	4.1161	3.7208	1
1521	53.2	3.5	4.7116	2.9792	1
1522	19.3	8	6.4348	3.4792	1
1523	27.9	10.2	7.4632	4.875	1
1524	45.5	3.8	4.8122	4.1792	1
1525	89.3	2.6	4.4206	2.6583	0.6926
1526	18.3	5.8	5.5332	2.5292	1
1527	29.1	1.9	4.2054	3.2375	1
1528	123.9	-0.1	3.6406	2.6583	0.36939
1529	119.2	-1.3	3.335	1.4167	0.44229
1530	122.5	-0.3	3.588	2.3708	0.42895
1531	55.2	-0.5	3.5361	2.0667	1
1532	61.2	2.6	4.4206	3.3708	1
1533	136.5	3.8	4.8122	3.8	0.3512
1534	58.7	2	4.2356	0.54167	1
1535	23.4	6.1	5.6492	1.6625	1
1536	30.6	7.4	6.1769	2.525	1
1537	69.3	6.6	5.8473	3.3292	1
1538	139.7	4.1	4.9148	4.2125	0.42677
1539	153.4	2.2	4.2965	3.6708	0.32119
1540	146.5	0.5	3.8026	2.1083	0.40495
1541	84	1.3	4.0284	0.7125	0.98187
1542	163.2	0.2	3.7208	1.9875	0
1543	165.3	-0.6	3.5104	1.0875	0.30073
1544	164.4	-0.4	3.562	0.51667	0.32931
1545	166.3	3.8	4.8122	1.9875	0.3336
1546	25.8	6.9	5.969	1.9583	1
1547	122	7.6	6.2619	0.375	0.73669
1548	164.2	9.2	6.9791	1.3833	0.40939
1549	125.3	9.6	7.1693	2.1667	0.73871
1550	90	12.2	8.5208	1.8625	1
1551	38.7	8.2	6.5228	1.4417	1
1552	25.9	4.5	5.0545	1.4083	1
1553	28.8	8.8	6.7933	1.7583	1
1554	66	9.6	7.1693	2.1708	1
1555	95.7	9.2	6.9791	1.8708	1
1556	144.6	8.7	6.7476	1.5167	0.68942
1557	79.5	7.9	6.3912	0.73333	1
1558	20.9	4.8	5.1616	2.225	1
1559	76.5	4.6	5.09	1.5083	1
1560	128.5	10.4	7.5635	2.3083	0.85476
1561	61.9	6	5.6103	2.3292	1
1562	163.5	5.4	5.3819	1.3792	0.63773
1563	144.8	4.3	4.9842	2.4	0.77745
1564	158.9	3.5	4.7116	2.1917	0.69483
1565	115.3	8.4	6.6119	2.3833	0.99565
1566	105.7	4.4	5.0193	2.475	1
1567	156.8	7.5	6.2193	1.3625	0.74476
1568	51.4	5.8	5.5332	2.45	1
1569	117.9	5.2	5.3076	1.5292	1
1570	198.3	8.7	6.7476	0.99583	0.5174
1571	62.4	7.8	6.3478	0.80417	1
1572	98	8.7	6.7476	1.0333	1
1573	192.5	12.6	8.7475	1.8167	0.59145
1574	172.3	13.8	9.4594	2.075	0.7256
1575	170.7	14.5	9.8978	1.9917	0.74574
1576	102	15.3	10.4206	1.8875	1
1577	140.4	15.5	10.555	0.6125	0.94431
1578	54.9	12.4	8.6335	0.9125	1
1579	198.4	15.4	10.4876	1.3917	0.62484
1580	203.6	16.8	11.4663	1.7083	0.60561
1581	215.6	15.4	10.4876	1.1375	0.54792
1582	159.8	13.7	9.3982	0.98333	0.87376
1583	69	11.4	8.083	1.2125	1
1584	66.3	8	6.4348	2.4292	1
1585	107.3	9.2	6.9791	2.2958	1
1586	78.4	10.6	7.665	2.65	1
1587	75.2	13	8.9794	2.3625	1
1588	191.5	13.5	9.2768	1.0375	0.74849
1589	235.9	17.6	12.0607	1.1417	0.51894
1590	256	19.5	13.5818	0.38333	0.42166
1591	246.2	19.4	13.4978	0.54167	0.48345
1592	238.5	15	10.2218	1.2333	0.53326
1593	276.6	11.7	8.2448	2.4333	0.34361
1594	275.8	11.2	7.9766	1.5667	0.35765
1595	264.1	11.6	8.1905	1.5875	0.42746
1596	282.1	12.2	8.5208	1.6667	0.34434
1597	271.7	14.6	9.9619	1.3708	0.40644
1598	223.1	15.6	10.6228	0.525	0.66079
1599	270.7	15.8	10.7595	0.925	0.42849
1600	239.5	13.2	9.0973	1.7958	0.59257
1601	151.6	9.6	7.1693	1.7208	1
1602	197.4	10	7.3641	1.8375	0.81465
1603	228.5	11	7.8715	1.65	0.66705
1604	52.6	10.2	7.4632	1.6	1
1605	139.6	12.6	8.7475	1.4875	1
1606	152.5	12	8.4094	1.1083	1
1607	215.8	15.4	10.4876	1.1667	0.7514
1608	268.6	19.1	13.2483	1.15	0.50231
1609	271.8	21.6	15.4559	1.0625	0.4928
1610	249	19	13.1661	0.99167	0.60727
1611	201.7	18.4	12.682	0.64583	0.83716
1612	131.5	16.5	11.2501	0.86667	1
1613	187.5	17.8	12.2135	0.97917	0.91193
1614	211	16.8	11.4663	1.5167	0.80476
1615	226.6	16.2	11.0375	1.1458	0.73518
1616	278.6	17.4	11.9096	1.4958	0.49569
1617	228.4	21.2	15.0824	1.0375	0.73384
1618	231.3	22.3	16.1289	1.0458	0.72363
1619	261.9	16.8	11.4663	1.7667	0.58487
1620	225.8	19.7	13.7513	2.8292	0.75511
1621	108.9	16.9	11.5392	1.5667	1
1622	196.3	16.4	11.1788	0.71667	0.89611
1623	135.1	13.6	9.3374	0.80417	1
1624	191.2	12.5	8.6903	1.1667	0.92341
1625	237.3	14.4	9.8341	1.3042	0.71401
1626	248.3	14.9	10.1563	0.64583	0.66556
1627	171.3	15.8	10.7595	1.475	1
1628	205.3	13.8	9.4594	2.8917	0.86488
1629	223.1	11.6	8.1905	1.2167	0.78493
1630	100.8	15.1	10.2877	1.0125	1
1631	201.2	16	10.8977	0.5875	0.88639
1632	264.4	20.7	14.6267	0.39167	0.59983
1633	164.4	17.4	11.9096	1.6833	1
1634	128.3	14.6	9.9619	1.4333	1
1635	225.9	14.6	9.9619	0.42917	0.77575
1636	298	18	12.3679	0.75417	0.44842
1637	205.1	16.8	11.4663	0.64167	0.86993
1638	187.3	19.8	13.8367	1.0417	0.9504
1639	193.3	15.2	10.3539	1.65	0.92264
1640	198.6	14.3	9.7708	1.5167	0.89788
1641	102.3	13.6	9.3374	0.9375	1
1642	149.5	14.1	9.6452	1.2542	1
1643	264	17.2	11.7602	1.0917	0.59673
1644	86.3	14.6	9.9619	1.5458	1
1645	59.9	14.1	9.6452	2	1
1646	64.1	14.6	9.9619	1.9875	1
1647	159.4	14.4	9.8341	2.4667	1
1648	163.2	13.6	9.3374	1.7667	1
1649	181.4	12.8	8.8627	0.975	0.96356
1650	114.2	13.8	9.4594	1.6833	1
1651	148.1	12.9	8.9209	1.1875	1
1652	120	14.5	9.8978	1.475	1
1653	229.7	15.9	10.8284	2.0292	0.72949
1654	108.1	16.7	11.3938	2.3417	1
1655	163.4	13.9	9.521	2.8875	1
1656	172.4	15.3	10.4206	2.275	0.98732
1657	160	14.8	10.0911	1.35	1
1658	152.4	16.4	11.1788	1.1125	1
1659	210.1	15.6	10.6228	1.5708	0.79879
1660	221.2	16.2	11.0375	1.8917	0.7417
1661	266.7	21.5	15.3618	1.15	0.51974
1662	165.4	22.7	16.5248	0.79167	0.99962
1663	258.5	20	14.009	0.65	0.54738
1664	204.7	21.4	15.2682	1.5667	0.80144
1665	208	17.6	12.0607	1.4333	0.78024
1666	175.4	15.4	10.4876	0.3375	0.93393
1667	226.2	17.7	12.1369	0.48333	0.67984
1668	100.7	16.9	11.5392	1.1875	1
1669	145.2	16.5	11.2501	0.1	1
1670	172.1	17.1	11.6861	0.1	0.92978
1671	175.8	15.2	10.3539	0.1	0.90573
1672	163.1	16.8	11.4663	0.1	0.96393
1673	201.7	17.2	11.7602	0.1	0.7626
1674	21.4	15	10.2218	0.1	1
1675	166.1	16.2	11.0375	0.1	0.93111
1676	74.1	16.4	11.1788	0.1	1
1677	99.1	16	10.8977	1.8167	1
1678	146.5	16.8	11.4663	1.4958	1
1679	93.9	18.4	12.682	0.9625	1
1680	184.7	21.1	14.9903	0.875	0.79899
1681	243.5	16.2	11.0375	1.0917	0.47655
1682	252.7	17.2	11.7602	0.5375	0.4164
1683	134.6	20.3	14.2709	1.7292	1
1684	199.6	21.8	15.6456	1.9083	0.68403
1685	169.4	17.7	12.1369	1.6833	0.84094
1686	117.3	16.2	11.0375	0.88333	1
1687	123.7	21.2	15.0824	1.2542	1
1688	201.7	16.7	11.3938	0.44583	0.63202
1689	203	18.8	13.003	0.20833	0.61376
1690	107.1	19	13.1661	0.54167	1
1691	125	14.8	10.0911	0.84167	1
1692	216.3	17.4	11.9096	1.3125	0.5013
1693	47.2	15	10.2218	2.5042	1
1694	151.4	13.4	9.2167	2.275	0.86258
1695	136.6	13.6	9.3374	2.4042	0.94197
1696	45.6	11.4	8.083	2.0792	1
1697	141.4	13.6	9.3374	2.0333	0.89384
1698	164.2	12	8.4094	1.0375	0.74225
1699	153	9.9	7.315	1.2583	0.80083
1700	57.3	12.4	8.6335	1.4	1
1701	118.9	13.2	9.0973	0.97917	0.99661
1702	48.8	13.5	9.2768	0.54583	1
1703	109.5	12.4	8.6335	0.39167	1
1704	151.7	13.1	9.0382	0.36667	0.7501
1705	180	13.7	9.3982	1.6708	0.54764
1706	192.4	15.2	10.3539	2.3875	0.44828
1707	163.7	16	10.8977	1.7375	0.62862
1708	152.5	16.4	11.1788	1.6625	0.69172
1709	47.6	15.4	10.4876	0.72083	1
1710	70.9	15.7	10.6909	0.71667	1
1711	128	16.1	10.9674	1.4125	0.82487
1712	122.9	18.7	12.9221	2.3458	0.84912
1713	133.4	18.8	13.003	2.4708	0.75862
1714	105	15.2	10.3539	1.8375	0.95729
1715	22.9	13.2	9.0973	0.52917	1
1716	52.4	10.1	7.4135	1.5	1
1717	89.5	7.9	6.3912	1.8292	1
1718	98	11.7	8.2448	1.2958	0.96409
1719	77.6	11.2	7.9766	2.1042	1
1720	101.7	9.8	7.2661	0.92917	0.90938
1721	53.4	11.2	7.9766	0.3	1
1722	96.8	13	8.9794	0.29167	0.9237
1723	113.8	11.7	8.2448	0.25417	0.76586
1724	47.5	10.8	7.7677	0.25833	1
1725	68.6	11.7	8.2448	0.375	1
1726	44.3	11.6	8.1905	0.1125	1
1727	40.6	10.9	7.8194	0.79167	1
1728	132.6	12	8.4094	0.60833	0.51008
1729	120.5	12.6	8.7475	0.18333	0.60226
1730	78.2	14.6	9.9619	0.42083	0.98389
1731	108	15	10.2218	0.34167	0.68335
1732	78.2	13.1	9.0382	0.98333	0.95683
1733	32.4	10.8	7.7677	1.6458	1
1734	60.3	7.5	6.2193	2.5292	1
1735	72.8	4.6	5.09	2.2917	0.96923
1736	22.3	2.2	4.2965	1.1583	1
1737	25.2	5.4	5.3819	1.0458	1
1738	49.4	5.6	5.4571	1.2708	1
1739	118.7	7.4	6.1769	2.1917	0.403
1740	14.9	7.6	6.2619	2.2083	1
1741	27.9	9.3	7.0262	1.1167	1
1742	28.4	9.4	7.0737	0.9	1
1743	18.2	10.1	7.4135	2.7333	1
1744	28.6	10	7.3641	2.575	1
1745	54.4	8.3	6.5672	1.7875	1
1746	102.5	8.6	6.7021	1.725	0.4178
1747	16.6	11.8	8.2993	2.7958	1
1748	73	9.5	7.1214	2.3292	0.75047
1749	94.8	8	6.4348	1.4667	0.44022
1750	63.2	14.7	10.0263	3.5667	0.84336
1751	82.3	6.9	5.969	2.8333	0.56048
1752	93.9	4.4	5.0193	1.4083	0.3725
1753	46.6	5.8	5.5332	2.3792	1
1754	25.2	7.9	6.3912	2.65	1
1755	23.2	13.4	9.2167	2.6125	1
1756	42.4	13.4	9.2167	3.1333	1
1757	26.5	11	7.8715	1.5958	1
1758	23.7	9.4	7.0737	3.8042	1
1759	49.2	6.4	5.7673	2.9708	0.8897
1760	36.4	7.4	6.1769	3.575	1
1761	29.8	7.9	6.3912	3.225	1
1762	39.1	8	6.4348	4.0458	1
1763	49.2	5.8	5.5332	3.6708	0.81505
1764	28	5.6	5.4571	3.3333	1
1765	10.8	4.2	4.9494	2.0083	1
1766	23.4	3.2	4.6128	1.9	1
1767	8.5	5.1	5.2707	1.7083	1
1768	21	5.8	5.5332	2.6542	1
1769	31.3	3.2	4.6128	2.9833	1
1770	16.8	5.4	5.3819	4.1125	1
1771	40.2	3.3	4.6455	1.475	0.83368
1772	31.3	3.2	4.6128	0.89583	1
1773	12	3.5	4.7116	2.1833	1
1774	15.8	7.9	6.3912	0.53333	1
1775	45.7	5	5.2342	2.5458	0.62831
1776	30.9	4.3	4.9842	1.9667	0.95173
1777	16.1	2.7	4.4521	1.3	1
1778	13.8	2.6	4.4206	1.3417	1
1779	7.9	1.3	4.0284	1.3	1
1780	23.2	1.8	4.1754	1.6583	1
1781	14.6	0.7	3.8579	2.6292	1
1782	19.8	-0.3	3.588	2.3417	1
1783	40.1	-0.6	3.5104	2.025	0.58449
1784	46.7	-1.2	3.3595	1.7417	0.37977
1785	46.7	-6.4	2.2741	0.75417	0.35363
1786	29.7	-8.6	1.9178	1.7042	0.81548
1787	19.3	-5.6	2.4176	0.1	1
1788	31	-4.8	2.569	0.55417	0.74294
1789	9	-3.2	2.8973	0.91667	1
1790	8.5	-1.9	3.1908	0.8125	1
1791	11.4	0	3.6672	0.8875	1
1792	10.7	0.3	3.7479	0.5875	1
1793	15.5	-0.1	3.6406	1.4667	1
1794	7.6	-1	3.4092	1.5292	1
1795	24	-5.8	2.381	1.3583	0.85891
1796	16.2	-6.5	2.2567	1.4333	1
1797	9	-5.9	2.3629	1.3458	1
1798	6.6	-2.4	3.0749	1.825	1
1799	10.3	-0.6	3.5104	2.6958	1
1800	9.5	-1.6	3.2622	3.6333	1
1801	15.6	-1.6	3.2622	3.4583	1
1802	33.3	-4.2	2.688	2.175	0.44265
1803	31.7	-10	1.7177	0.47083	0.48976
1804	32	-6.7	2.2223	0.87083	0.46809
1805	31	-11.4	1.5364	1.3375	0.49596
1806	10.9	-4.8	2.569	1.1208	1
1807	3.9	5.8	5.5332	5.3042	1
1808	9.5	5.7	5.495	2.7208	1
1809	5.2	9.4	7.0737	2.825	1
1810	11.2	6	5.6103	3.1083	1
1811	26.9	3.4	4.6784	2.5583	0.61943
1812	11.4	3.4	4.6784	2.3958	1
1813	7.4	4.5	5.0545	3.2583	1
1814	20.4	1.6	4.1161	2.9667	0.86858
1815	24.8	-2	3.1673	1.7042	0.6995
1816	15.8	-1.5	3.2863	0.69167	1
1817	9.5	-0.2	3.6143	1.7083	1
1818	12	0.7	3.8579	2.4625	1
1819	4.9	2.7	4.4521	3.4625	1
1820	23.6	5.6	5.4571	3.9167	0.76361
1821	21.6	8.3	6.5672	3.75	0.84478
1822	24	9	6.8857	3.1083	0.76116
1823	27.2	1.5	4.0866	1.5708	0.64996
1824	24.8	0.4	3.7752	2.3375	0.74724
1825	26.3	-0.6	3.5104	2.0042	0.70162
