2.3667083e-07	1.5995833
2.1828262e-07	0.95229167
2.0476023e-07	0.81666667
1.9302669e-07	0.51
4.4565639e-07	1.48625
2.6599545e-07	1.305
2.0961301e-07	1.204375
2.5417864e-07	1.4972917
1.8999932e-07	0.25
1.699585e-07	0.45666667
1.9396143e-07	1.8054167
4.1136886e-07	1.673125
4.4089268e-07	2.269375
4.8456305e-07	2.613125
2.3507117e-06	4.068125
9.4249041e-07	4.871875
8.3064714e-07	4.845
4.3706074e-07	6.071875
3.2153773e-07	5.1652083
4.5687656e-07	4.7845833
1.7030964e-06	5.5008333
6.4122107e-07	5.528125
2.8800208e-07	3.52375
2.2484633e-07	2.9929167
2.209974e-07	4.2047917
1.9402897e-07	3.896875
5.0615223e-07	5.9864583
8.4808191e-07	6.2179167
1.5574882e-06	5.9852083
3.3120382e-07	4.3541667
2.8294963e-07	3.4083333
2.9459168e-07	3.7558333
4.2046976e-07	5.9589583
8.8548003e-07	5.6285417
4.0325826e-07	5.5008333
3.4572178e-07	5.5929167
2.3567248e-07	4.5683333
2.031529e-07	4.8358333
1.8328649e-07	4.5102128
1.680681e-07	3.6110417
1.5756585e-07	2.3472917
1.5023348e-07	1.5885417
1.4648712e-07	2.40875
1.4326541e-07	2.318125
1.4773491e-07	2.6397917
3.0159679e-07	4.1929167
6.2528008e-07	3.748125
4.1065859e-07	4.051875
2.437771e-07	3.0610417
2.6122839e-07	3.1389583
2.4094376e-07	2.47625
2.2315678e-07	3.00875
1.9959605e-07	2.819375
1.7511035e-07	2.6304167
1.6927531e-07	3.243125
1.9966488e-07	3.4333333
5.8925987e-07	4.2204167
5.6250902e-07	4.454375
7.3461385e-07	4.0877083
3.055598e-07	3.655
2.1672081e-07	3.6710417
3.4421881e-07	4.5497917
2.9314134e-07	4.4166667
2.0918072e-07	3.9025
1.8680454e-07	4.6154167
1.7459536e-07	5.076875
1.5865621e-07	3.674375
1.4790502e-07	3.2879167
1.4231431e-07	3.4883333
1.3871167e-07	3.7079167
1.4691296e-07	6.1222917
1.492146e-07	6.5991667
1.4163125e-07	6.636875
1.3868241e-07	7.236875
1.3491154e-07	7.101875
1.3922616e-07	9.061875
1.9070976e-07	9.1210417
2.5613475e-07	7.9527083
1.6307733e-07	7.99625
1.5784037e-07	8.4602083
5.3124553e-07	7.4777083
3.4064534e-07	6.8379167
6.7439226e-07	7.72625
2.5071851e-07	7.294375
3.3051723e-07	8.314375
2.3027809e-07	8.4579167
1.8072826e-07	8.1695833
5.4668773e-07	5.90625
1.4146327e-06	5.1089583
5.5843012e-07	4.84
3.8158229e-06	5.92375
3.8158229e-06	5.8970833
3.8158229e-06	6.499375
3.8158229e-06	5.9529167
3.8158229e-06	7.8460417
3.8158229e-06	7.7310417
3.8158229e-06	8.0827083
3.8158229e-06	8.8860417
5.0877639e-06	9.705625
5.0877639e-06	10.227917
5.0877639e-06	10.730417
5.0877639e-06	11.443958
5.0877639e-06	12.421667
5.0877639e-06	11.6875
5.0877639e-06	11.075208
2.543882e-05	11.231042
2.543882e-05	11.0075
2.543882e-05	10.845625
2.543882e-05	10.606875
2.543882e-05	9.6283333
2.543882e-05	9.648125
2.543882e-05	10.674375
1.271941e-05	10.520208
1.271941e-05	10.613125
1.271941e-05	11.801667
1.271941e-05	13.191042
3.8158229e-06	12.159792
3.8158229e-06	11.353125
3.8158229e-06	11.406458
3.8158229e-06	11.417708
1.8716121e-07	11.191042
1.5852722e-07	11.084792
1.3144861e-07	10.897292
1.1917098e-07	10.684583
1.3482387e-07	11.859375
1.5946187e-07	11.942083
1.3137053e-07	11.255208
1.1569548e-07	12.180208
1.0978855e-07	11.374583
1.0707769e-07	10.76125
1.053979e-07	10.231042
1.0645754e-07	11.544375
1.1422249e-07	11.580417
1.3521645e-07	11.607708
1.4091727e-07	11.659583
1.5511333e-07	12.094583
1.2756481e-07	12.850208
5.5286595e-07	12.465918
8.7894496e-07	13.211458
2.3218738e-07	15.473333
1.6630686e-07	15.823125
1.3886703e-07	18.463125
1.2416788e-07	18.51125
1.1630506e-07	17.374583
1.1147546e-07	15.298333
1.0861607e-07	14.689167
1.0796144e-07	13.07875
1.077112e-07	13.317083
1.0991409e-07	13.24875
1.0804366e-07	14.14
1.3186898e-07	14.367708
2.6670824e-07	15.6975
1.4353715e-07	17.6125
1.2418021e-07	17.154583
1.2249316e-07	17.06375
1.1741252e-07	16.663958
1.1451569e-07	16.464167
1.1210798e-07	15.078125
1.1205298e-07	14.850417
1.1051483e-07	14.184167
1.0875583e-07	16.308125
1.0822832e-07	15.363333
1.059597e-07	15.110208
1.3057478e-07	15.085625
1.4208929e-07	15.197292
1.1254962e-07	17.125625
1.0125626e-07	16.246458
1.0256312e-07	16.894375
1.0144005e-07	16.017292
9.1531904e-08	16.466458
8.7735613e-08	17.950625
8.5328651e-08	18.131667
8.4059714e-08	16.39875
8.8407906e-08	16.3625
8.7672754e-08	17.36375
8.516612e-08	17.436458
8.8321409e-08	18.416875
8.470398e-08	17.137292
8.4281653e-08	16.388542
8.2364545e-08	17.548542
1.5193671e-07	16.637292
2.1083729e-06	15.03875
2.1873743e-07	15.4825
1.7283657e-07	14.530208
2.9257236e-06	13.884167
3.172101e-07	14.914583
7.993605e-07	14.334583
5.5064269e-07	13.83625
2.1361527e-07	14.589583
2.8406454e-07	15.136042
5.2227222e-07	14.355417
4.9468059e-07	13.931042
2.0062837e-07	15.068333
1.9796466e-07	14.97875
1.6098492e-06	15.05
2.3328876e-06	14.514167
6.4316845e-07	14.05625
6.3990195e-07	14.0425
4.2547542e-07	15.392083
7.2012381e-07	15.333333
7.4114014e-07	15.614583
6.6159341e-07	14.046667
3.5132879e-07	14.309583
1.816008e-07	14.666042
2.3861416e-07	16.40625
3.2032589e-07	15.800625
3.5834924e-07	15.438125
3.0461499e-07	15.199167
6.6827618e-07	14.419375
2.3833139e-07	14.784375
7.0520091e-07	15.112708
